ath-MIR156a 21 40 83 104
ath-MIR156b 47 66 106 128
ath-MIR156c 12 31 75 96
ath-MIR156d 18 37 85 107
ath-MIR156e 7 26 84 104
ath-MIR156f 21 40 92 112
ath-MIR157a 4 24 75 95
ath-MIR157b 19 39 90 110
ath-MIR157c 24 44 170 190
ath-MIR157d 24 43 175 195
ath-MIR158a 20 40 63 82
ath-MIR159a 4 24 163 183
ath-MIR160a 4 24 64 84
ath-MIR160b 5 25 66 87
ath-MIR160c 5 25 68 88
ath-MIR161 47 67 116 136
ath-MIR162a 26 47 89 109
ath-MIR162b 13 34 79 99
ath-MIR163 17 37 294 317
ath-MIR164a 19 39 78 98
ath-MIR164b 3 23 133 153
ath-MIR165a 8 28 86 106
ath-MIR165b 24 44 137 157
ath-MIR166a 21 41 134 154
ath-MIR166b 7 27 96 116
ath-MIR166c 18 38 103 123
ath-MIR166d 9 29 87 107
ath-MIR166e 7 27 119 139
ath-MIR166f 10 30 78 98
ath-MIR166g 18 38 85 105
ath-MIR167a 19 39 101 121
ath-MIR167b 10 30 80 102
ath-MIR168a 18 38 103 123
ath-MIR168b 19 39 89 109
ath-MIR169a 18 38 190 209
ath-MIR170 18 38 59 79
ath-MIR171a 19 39 88 108
ath-MIR172a 7 27 78 98
ath-MIR172b 5 24 71 91
ath-MIR173 9 30 75 95
ath-MIR159b 5 25 168 188
ath-MIR319a 5 27 154 174
ath-MIR319b 3 21 152 172
osa-MIR156a 7 26 76 97
osa-MIR156b 43 62 110 130
osa-MIR156c 29 48 100 121
osa-MIR156d 20 39 84 105
osa-MIR156e 10 29 76 97
osa-MIR156f 4 23 164 185
osa-MIR156g 4 23 94 115
osa-MIR156h 4 23 164 185
osa-MIR156i 3 22 69 90
osa-MIR156j 42 61 108 129
osa-MIR160a 4 24 67 87
osa-MIR160b 30 50 93 113
osa-MIR160c 7 27 75 95
osa-MIR160d 8 28 119 139
osa-MIR162a 11 31 143 163
osa-MIR164a 17 37 120 140
osa-MIR164b 9 29 87 103
osa-MIR166a 22 42 110 130
osa-MIR166b 22 42 168 188
osa-MIR166c 12 31 91 111
osa-MIR166d 21 41 91 111
osa-MIR166e 12 32 108 128
osa-MIR166f 18 38 72 92
osa-MIR167a 14 34 110 131
osa-MIR167b 18 38 124 146
osa-MIR167c 17 37 123 145
osa-MIR169a 38 58 114 136
osa-MIR171a 12 34 67 87
ath-MIR167d 18 39 341 361
ath-MIR169b 43 63 124 145
ath-MIR169c 113 133 308 326
ath-MIR169d 41 61 98 120
ath-MIR169e 69 89 125 147
ath-MIR169f 32 52 118 138
ath-MIR169g 144 164 204 224
ath-MIR169h 46 66 130 148
ath-MIR169i 40 60 149 167
ath-MIR169j 51 71 180 198
ath-MIR169k 43 63 152 170
ath-MIR169l 44 64 174 192
ath-MIR169m 42 62 153 171
ath-MIR169n 45 65 175 193
ath-MIR171b 15 35 78 98
ath-MIR171c 28 48 90 110
ath-MIR172c 18 36 98 118
ath-MIR172d 18 38 88 108
ath-MIR390a 18 38 70 90
ath-MIR390b 15 35 88 107
ath-MIR391 68 88 119 139
ath-MIR393a 11 32 105 125
ath-MIR393b 11 32 132 152
ath-MIR394a 14 33 86 105
ath-MIR394b 14 33 90 110
ath-MIR395a 13 35 63 83
ath-MIR395b 13 35 70 90
ath-MIR395c 13 35 70 90
ath-MIR395d 13 35 70 90
ath-MIR395e 13 35 65 85
ath-MIR395f 13 35 82 102
ath-MIR396a 11 31 123 143
ath-MIR396b 11 31 107 127
ath-MIR397a 11 31 79 99
ath-MIR397b 11 31 81 101
ath-MIR398a 11 31 75 95
ath-MIR398b 12 32 86 106
ath-MIR398c 12 32 85 105
ath-MIR399a 13 34 93 113
ath-MIR399b 13 33 105 125
ath-MIR399c 13 33 84 104
ath-MIR399d 13 34 70 90
ath-MIR399e 13 34 79 99
ath-MIR399f 13 34 88 108
osa-MIR393a 11 31 88 107
osa-MIR394 14 33 79 98
osa-MIR395b 13 34 56 76
osa-MIR395d 13 34 58 78
osa-MIR395e 13 34 58 78
osa-MIR395g 13 34 56 76
osa-MIR395h 13 34 82 102
osa-MIR395i 13 34 69 89
osa-MIR395j 13 34 82 102
osa-MIR395k 13 34 69 89
osa-MIR395l 7 24 74 94
osa-MIR395s 13 34 56 76
osa-MIR395t 13 33 113 133
osa-MIR395c 13 34 59 79
osa-MIR395a 13 33 112 132
osa-MIR395f 10 31 55 75
osa-MIR395u 13 34 56 76
osa-MIR396a 11 31 126 145
osa-MIR396b 11 31 88 107
osa-MIR396c 11 31 113 133
osa-MIR397a 11 31 86 106
osa-MIR397b 11 31 90 114
osa-MIR398a 13 34 85 105
osa-MIR398b 13 33 58 78
osa-MIR399a 13 33 119 139
osa-MIR399b 13 33 67 87
osa-MIR399c 13 34 80 100
osa-MIR399d 13 32 256 276
osa-MIR399e 13 33 88 108
osa-MIR399f 13 34 87 107
osa-MIR399g 13 34 89 109
osa-MIR399h 13 33 69 89
osa-MIR399i 13 33 86 106
osa-MIR399j 15 33 76 96
osa-MIR399k 13 34 76 96
ath-MIR400 12 32 71 91
ath-MIR401 108 128 140 159
ath-MIR402 67 88 245 265
ath-MIR403 26 47 103 123
ath-MIR404 16 39 116 127
ath-MIR405a 61 83 90 113
ath-MIR405b 40 63 70 93
ath-MIR405d 20 42 49 72
ath-MIR406 89 103 107 127
ath-MIR407 72 92 172 192
ath-MIR408 53 73 120 140
ath-MIR156g 11 30 75 97
ath-MIR156h 12 31 77 97
ath-MIR158b 17 35 56 75
ath-MIR159c 13 32 195 215
ath-MIR319c 12 32 170 190
ath-MIR164c 11 31 74 94
ath-MIR167c 12 32 130 152
ath-MIR172e 13 32 95 115
osa-MIR156k 11 31 76 98
osa-MIR156l 11 31 127 148
osa-MIR159a 13 35 242 262
osa-MIR159b 13 35 158 178
osa-MIR159c 15 33 167 187
osa-MIR159d 15 33 159 179
osa-MIR159e 13 34 161 181
osa-MIR159f 11 36 158 178
osa-MIR319a 56 76 162 181
osa-MIR319b 15 31 168 187
osa-MIR160e 11 31 86 106
osa-MIR160f 11 31 72 92
osa-MIR162b 13 33 104 124
osa-MIR164c 11 31 91 111
osa-MIR164d 11 31 66 86
osa-MIR164e 11 31 104 124
osa-MIR166k 13 33 97 117
osa-MIR166l 13 33 87 107
osa-MIR167d 11 31 81 102
osa-MIR167e 11 31 245 265
osa-MIR167f 11 31 86 105
osa-MIR167g 11 31 55 74
osa-MIR167h 11 31 92 112
osa-MIR167i 11 31 173 193
osa-MIR168a 11 31 56 79
osa-MIR168b 11 31 80 98
osa-MIR169b 11 31 100 122
osa-MIR169c 11 31 83 106
osa-MIR169d 11 31 75 95
osa-MIR169e 11 31 101 124
osa-MIR169f 32 52 94 183
osa-MIR169g 11 31 99 118
osa-MIR169h 11 31 95 114
osa-MIR169i 44 64 135 156
osa-MIR169j 11 31 98 117
osa-MIR169k 11 31 129 148
osa-MIR169l 11 31 82 100
osa-MIR169m 11 31 111 130
osa-MIR169n 11 31 149 169
osa-MIR169o 11 31 145 165
osa-MIR169p 11 32 98 118
osa-MIR169q 11 31 78 100
osa-MIR171b 13 33 70 90
osa-MIR171c 10 30 69 89
osa-MIR171d 13 33 105 125
osa-MIR171e 13 33 89 109
osa-MIR171f 13 33 97 117
osa-MIR171g 13 33 59 79
osa-MIR172a 13 35 79 99
osa-MIR172b 13 31 208 228
osa-MIR172c 13 33 81 101
osa-MIR166g 15 35 115 135
osa-MIR166h 13 33 89 109
osa-MIR166i 15 35 115 135
osa-MIR171h 19 40 54 74
osa-MIR393b 27 48 103 123
osa-MIR408 31 51 153 173
osa-MIR172d 22 41 91 111
osa-MIR171i 8 28 88 108
osa-MIR167j 26 46 110 131
osa-MIR166m 38 58 147 167
osa-MIR166j 21 41 64 84
osa-MIR164f 24 44 165 185
ath-MIR413 6 26 104 120
ath-MIR414 25 45 72 90
ath-MIR415 3 23 88 110
ath-MIR416 9 33 57 77
ath-MIR417 28 44 78 98
ath-MIR418 6 28 48 68
ath-MIR419 4 24 90 105
ath-MIR420 4 24 77 99
osa-MIR413 5 25 19 44
osa-MIR414 14 34 74 95
osa-MIR415 21 41 101 118
osa-MIR416 5 19 87 107
osa-MIR417 5 22 44 64
osa-MIR418 23 36 42 62
osa-MIR419 17 37 72 92
ath-MIR426 14 34 79 99
osa-MIR426 7 27 130 144
zma-MIR156d 16 35 80 101
zma-MIR156f 21 40 131 152
zma-MIR156g 4 23 99 120
zma-MIR156b 21 40 86 106
zma-MIR156c 21 40 100 121
zma-MIR156e 20 39 87 108
zma-MIR156a 18 37 114 135
zma-MIR156h 20 39 78 99
zma-MIR156i 13 32 80 101
zma-MIR160a 10 30 77 97
zma-MIR160c 7 27 76 96
zma-MIR160d 21 41 105 125
zma-MIR160b 21 41 83 103
zma-MIR164a 19 39 116 136
zma-MIR164d 20 40 178 197
zma-MIR164b 21 41 93 112
zma-MIR164c 18 38 235 255
zma-MIR169a 21 41 92 112
zma-MIR169b 21 41 118 138
zma-MIR167a 17 37 151 172
zma-MIR167b 19 39 88 110
zma-MIR167d 17 37 93 115
zma-MIR167c 17 37 92 114
zma-MIR160e 9 29 68 88
zma-MIR166a 6 26 189 209
zma-MIR162 3 23 110 129
zma-MIR166h 3 23 56 75
zma-MIR166e 4 23 67 86
zma-MIR166i 3 23 63 82
zma-MIR166f 4 23 58 77
zma-MIR166g 3 23 106 125
zma-MIR166b 3 23 96 115
zma-MIR166c 3 23 72 91
zma-MIR166d 3 23 84 103
zma-MIR171a 3 23 79 98
zma-MIR171b 4 23 65 84
zma-MIR172a 6 25 63 82
zma-MIR172d 4 23 54 73
zma-MIR172b 4 23 106 125
zma-MIR172c 4 23 103 122
sbi-MIR166d 4 23 67 86
sbi-MIR166c 4 23 74 93
sbi-MIR166b 4 23 52 71
sbi-MIR166a 6 23 88 107
sbi-MIR172b 6 25 150 169
sbi-MIR172c 4 25 99 118
sbi-MIR172a 4 25 82 101
sbi-MIR156a 1 20 65 86
sbi-MIR156c 1 20 76 97
sbi-MIR156b 1 20 66 86
sbi-MIR160d 1 21 82 102
sbi-MIR160a 1 21 66 86
sbi-MIR160c 1 21 65 85
sbi-MIR160b 1 21 64 84
sbi-MIR160e 1 21 77 97
sbi-MIR164a 1 21 112 128
sbi-MIR167a 1 21 76 98
sbi-MIR167b 1 21 178 200
sbi-MIR169b 1 21 84 102
sbi-MIR169a 1 21 73 91
sbi-MIR393a 20 40 102 121
sbi-MIR394a 21 40 74 93
sbi-MIR395b 23 44 66 86
sbi-MIR395a 23 47 111 131
sbi-MIR395d 22 43 64 84
sbi-MIR395e 23 44 66 86
sbi-MIR396b 21 41 91 111
sbi-MIR396a 21 41 88 108
sbi-MIR396c 21 41 125 145
sbi-MIR399a 22 42 97 117
sbi-MIR399c 23 43 91 111
sbi-MIR399d 23 42 166 186
sbi-MIR399e 23 43 87 107
sbi-MIR399f 23 44 81 101
sbi-MIR399b 22 42 82 102
sbi-MIR399g 23 44 86 106
sbi-MIR156d 21 41 86 108
sbi-MIR164b 21 41 74 94
sbi-MIR166e 25 43 112 132
sbi-MIR167d 21 41 110 131
sbi-MIR167f 21 41 143 162
sbi-MIR167g 21 41 85 106
sbi-MIR167e 21 41 143 162
sbi-MIR167c 20 40 95 114
sbi-MIR168 21 41 71 89
sbi-MIR169c 21 41 90 109
sbi-MIR169d 43 62 111 130
sbi-MIR169f 21 41 112 131
sbi-MIR169g 21 41 117 136
sbi-MIR169i 21 41 133 152
sbi-MIR171b 23 45 93 113
sbi-MIR171d 22 42 114 134
sbi-MIR171a 23 43 122 142
sbi-MIR171c 23 43 70 90
sbi-MIR172e 23 43 76 96
sbi-MIR166f 23 43 100 120
sbi-MIR171e 23 44 85 105
sbi-MIR159a 5 27 204 224
sbi-MIR319a 37 53 191 210
osa-MIR435 13 41 97 116
osa-MIR437 42 62 155 175
osa-MIR438 24 44 149 167
osa-MIR390 19 39 56 75
osa-MIR439a 10 30 66 86
osa-MIR439b 9 29 36 56
osa-MIR439c 10 30 66 86
osa-MIR439d 15 35 71 91
osa-MIR439e 15 35 71 91
osa-MIR439f 13 33 69 89
osa-MIR439g 8 28 64 84
osa-MIR439h 16 36 72 92
osa-MIR439i 14 34 93 113
osa-MIR440 25 48 75 98
osa-MIR396e 13 33 152 175
osa-MIR443 38 59 86 107
osa-MIR444a 20 40 99 119
mtr-MIR162 23 43 87 107
mtr-MIR160a 21 41 82 102
mtr-MIR166a 23 43 82 102
mtr-MIR169a 21 41 86 106
mtr-MIR399b 6 26 73 93
mtr-MIR399d 23 43 90 110
mtr-MIR393a 21 41 99 118
mtr-MIR395a 23 43 96 116
mtr-MIR395b 23 41 85 105
mtr-MIR399c 23 43 80 100
mtr-MIR399a 23 44 95 115
mtr-MIR399e 23 44 95 115
mtr-MIR319a 21 41 169 188
mtr-MIR156a 21 41 422 443
mtr-MIR171a 23 43 75 95
sof-MIR156 21 40 99 120
sof-MIR396 21 41 97 117
sof-MIR159a 23 45 226 246
sof-MIR159b 23 45 227 247
sof-MIR159d 23 45 226 246
sof-MIR159e 23 44 225 245
sof-MIR159c 46 69 199 219
sof-MIR167a 21 41 152 171
sof-MIR167b 21 41 152 171
sof-MIR168a 21 41 69 87
sof-MIR168b 21 40 68 86
sof-MIR408a 23 45 244 264
sof-MIR408b 23 45 247 267
sof-MIR408c 23 45 247 267
sof-MIR408d 23 45 176 196
sof-MIR408e 23 44 244 264
gma-MIR156d 21 41 113 136
gma-MIR156e 21 41 86 105
gma-MIR156c 13 42 146 166
gma-MIR159a 23 43 175 195
gma-MIR160a 21 41 82 102
gma-MIR166a 23 43 107 127
gma-MIR166b 23 43 128 148
gma-MIR167a 21 41 80 102
gma-MIR167b 21 41 82 104
gma-MIR168a 19 39 90 108
gma-MIR172a 23 45 120 140
gma-MIR172b 23 42 114 134
gma-MIR319a 23 40 169 188
gma-MIR319b 23 40 170 189
gma-MIR156a 21 40 84 105
gma-MIR396a 21 41 104 123
gma-MIR396b 21 41 89 109
gma-MIR398a 7 28 77 97
gma-MIR398b 24 45 96 116
gma-MIR319c 23 40 183 202
gma-MIR156b 21 41 84 105
gma-MIR169a 21 41 84 106
zma-MIR171d 23 43 82 102
zma-MIR171f 23 43 118 138
zma-MIR394a 21 40 90 109
zma-MIR394b 21 40 86 105
zma-MIR395b 23 44 75 95
zma-MIR395c 23 44 99 119
zma-MIR395a 23 45 110 130
zma-MIR396b 21 41 99 119
zma-MIR396a 21 41 100 120
zma-MIR399a 23 43 84 104
zma-MIR399c 23 43 168 188
zma-MIR399b 23 43 83 103
zma-MIR399d 18 38 86 106
zma-MIR399e 23 43 85 105
zma-MIR399f 23 44 66 86
zma-MIR156j 21 41 86 108
zma-MIR159a 23 43 207 227
zma-MIR159b 23 43 182 202
zma-MIR159c 23 43 178 198
zma-MIR159d 23 43 178 198
zma-MIR319a 23 42 171 190
zma-MIR319c 23 42 178 197
zma-MIR319b 23 43 175 194
zma-MIR319d 22 42 174 193
zma-MIR166k 23 43 129 149
zma-MIR166j 23 44 115 135
zma-MIR167e 21 41 81 102
zma-MIR167f 21 41 81 102
zma-MIR167g 21 41 207 226
zma-MIR167h 21 41 107 125
zma-MIR167i 21 41 94 112
zma-MIR168a 21 41 67 86
zma-MIR168b 21 41 67 86
zma-MIR169c 21 41 96 117
zma-MIR169f 21 41 113 133
zma-MIR169g 21 41 104 123
zma-MIR169h 21 41 93 111
zma-MIR169i 21 41 155 172
zma-MIR169k 21 41 97 114
zma-MIR169j 21 41 116 133
zma-MIR169d 21 41 89 111
zma-MIR169e 21 41 60 111
zma-MIR171c 23 43 79 99
zma-MIR171j 23 43 90 110
zma-MIR171e 23 43 87 107
zma-MIR171i 23 43 65 85
zma-MIR171g 23 43 73 93
zma-MIR172e 23 45 135 155
zma-MIR166l 24 43 98 118
zma-MIR166m 23 43 117 137
zma-MIR171k 24 44 65 85
zma-MIR171h 24 44 85 105
zma-MIR393a 21 42 88 109
zma-MIR408a 23 45 152 172
zma-MIR156k 21 40 85 106
zma-MIR160f 21 41 79 99
sbi-MIR399h 23 43 93 113
sbi-MIR399i 23 43 82 102
sbi-MIR159b 57 84 214 234
sbi-MIR164c 21 41 116 136
sbi-MIR166g 23 43 95 115
sbi-MIR171f 23 44 80 100
sbi-MIR395f 23 44 83 103
sbi-MIR156e 21 40 85 106
ptc-MIR156a 11 30 75 95
ptc-MIR156b 11 30 75 95
ptc-MIR156c 11 30 73 94
ptc-MIR156d 11 30 75 95
ptc-MIR156e 11 30 73 94
ptc-MIR156f 11 30 75 95
ptc-MIR156g 11 31 76 95
ptc-MIR156h 11 31 76 95
ptc-MIR156i 11 31 73 89
ptc-MIR156j 11 31 73 92
ptc-MIR156k 11 30 75 95
ptc-MIR159a 13 34 154 174
ptc-MIR159b 13 35 158 178
ptc-MIR159d 13 31 165 185
ptc-MIR159e 13 31 163 183
ptc-MIR159c 12 31 173 193
ptc-MIR160a 11 31 76 96
ptc-MIR160b 11 31 72 92
ptc-MIR160c 11 31 72 92
ptc-MIR160d 11 31 77 97
ptc-MIR160e 11 31 74 94
ptc-MIR160f 11 31 74 94
ptc-MIR160g 11 31 72 92
ptc-MIR160h 11 31 72 92
ptc-MIR162a 13 33 78 98
ptc-MIR162b 13 33 78 98
ptc-MIR164a 11 31 59 79
ptc-MIR164b 11 31 140 156
ptc-MIR164c 11 31 56 76
ptc-MIR164d 11 31 73 93
ptc-MIR164e 11 31 133 149
ptc-MIR164f 11 31 66 84
ptc-MIR166a 13 33 135 155
ptc-MIR166b 13 33 77 97
ptc-MIR166c 13 33 105 125
ptc-MIR166d 13 33 76 96
ptc-MIR166e 13 33 77 97
ptc-MIR166f 13 33 76 96
ptc-MIR166g 13 33 74 94
ptc-MIR166h 13 33 72 92
ptc-MIR166i 13 56 74 94
ptc-MIR166j 13 33 114 134
ptc-MIR166k 13 33 114 134
ptc-MIR166l 13 33 68 88
ptc-MIR166m 13 33 76 96
ptc-MIR166n 10 32 303 323
ptc-MIR166o 10 32 292 312
ptc-MIR166p 12 32 118 138
ptc-MIR166q 12 32 123 143
ptc-MIR167a 11 31 64 83
ptc-MIR167b 11 31 68 90
ptc-MIR167c 11 31 64 83
ptc-MIR167d 11 31 77 99
ptc-MIR167e 11 31 66 85
ptc-MIR167f 11 31 61 81
ptc-MIR167g 11 31 60 80
ptc-MIR167h 11 31 65 85
ptc-MIR168a 11 31 134 154
ptc-MIR168b 11 31 110 130
ptc-MIR169a 11 31 139 161
ptc-MIR169aa 10 30 84 104
ptc-MIR169ab 10 29 15 32
ptc-MIR169ac 10 30 83 101
ptc-MIR169ad 10 30 78 98
ptc-MIR169ae 10 30 84 102
ptc-MIR169af 10 30 84 102
ptc-MIR169b 11 31 87 106
ptc-MIR169c 11 31 76 98
ptc-MIR169d 11 31 85 107
ptc-MIR169e 11 31 140 162
ptc-MIR169f 11 31 213 235
ptc-MIR169g 11 31 80 98
ptc-MIR169h 11 31 92 110
ptc-MIR169i 11 31 98 117
ptc-MIR169j 11 31 113 131
ptc-MIR169k 11 31 177 197
ptc-MIR169l 11 31 119 137
ptc-MIR169m 11 31 94 113
ptc-MIR169n 11 31 82 101
ptc-MIR169o 11 31 79 98
ptc-MIR169p 40 60 109 131
ptc-MIR169q 11 31 91 109
ptc-MIR169r 11 31 94 113
ptc-MIR169s 11 31 94 116
ptc-MIR169t 10 30 83 103
ptc-MIR169u 11 31 97 117
ptc-MIR169v 10 30 87 105
ptc-MIR169w 10 30 86 104
ptc-MIR169x 11 31 98 112
ptc-MIR169y 11 31 95 117
ptc-MIR169z 11 31 92 114
ptc-MIR171a 13 33 75 95
ptc-MIR171b 13 33 74 94
ptc-MIR171c 13 35 75 95
ptc-MIR171d 13 35 75 95
ptc-MIR171e 13 33 65 85
ptc-MIR171f 13 33 101 121
ptc-MIR171g 13 33 71 91
ptc-MIR171h 13 33 71 91
ptc-MIR171i 13 33 106 126
ptc-MIR172a 13 31 100 120
ptc-MIR172b 13 33 111 131
ptc-MIR172c 13 31 99 119
ptc-MIR172d 13 144 153 173
ptc-MIR172e 13 35 104 124
ptc-MIR172f 13 31 132 152
ptc-MIR172g 13 33 114 134
ptc-MIR172h 13 33 114 134
ptc-MIR172i 6 32 97 117
ptc-MIR319a 13 30 160 179
ptc-MIR319b 13 30 157 176
ptc-MIR319c 13 30 168 187
ptc-MIR319d 11 30 165 184
ptc-MIR319e 13 32 164 183
ptc-MIR319f 14 31 174 193
ptc-MIR319g 13 31 176 195
ptc-MIR319h 14 34 165 184
ptc-MIR319i 13 33 61 80
ptc-MIR390a 11 31 93 111
ptc-MIR390b 11 31 80 100
ptc-MIR390c 11 31 97 115
ptc-MIR390d 11 31 80 100
ptc-MIR393a 11 31 59 79
ptc-MIR393b 11 31 58 78
ptc-MIR393c 11 31 82 101
ptc-MIR394a 38 57 117 136
ptc-MIR394b 38 57 117 136
ptc-MIR395a 12 33 198 218
ptc-MIR395b 13 35 69 89
ptc-MIR395c 13 35 72 92
ptc-MIR395d 13 35 72 92
ptc-MIR395e 13 35 84 104
ptc-MIR395f 13 35 84 104
ptc-MIR395g 13 35 73 93
ptc-MIR395h 13 35 73 93
ptc-MIR395i 13 35 73 93
ptc-MIR395j 13 35 73 93
ptc-MIR396a 11 31 97 117
ptc-MIR396b 11 31 106 126
ptc-MIR396c 11 31 76 96
ptc-MIR396d 20 40 125 145
ptc-MIR396e 11 31 120 139
ptc-MIR396f 11 31 101 121
ptc-MIR396g 11 31 143 163
ptc-MIR397a 11 31 94 114
ptc-MIR397b 11 31 88 110
ptc-MIR397c 11 31 43 65
ptc-MIR398a 13 35 80 100
ptc-MIR398b 13 33 56 76
ptc-MIR398c 13 33 68 88
ptc-MIR399a 13 34 91 111
ptc-MIR399b 22 38 97 117
ptc-MIR399d 8 34 85 105
ptc-MIR399f 13 35 72 92
ptc-MIR399g 13 33 65 85
ptc-MIR399h 13 35 103 123
ptc-MIR399i 13 33 79 99
ptc-MIR399j 14 31 82 102
ptc-MIR399c 14 32 66 86
ptc-MIR399e 10 34 81 101
ptc-MIR403a 13 33 103 123
ptc-MIR403b 13 33 71 91
ptc-MIR408 16 36 76 96
ptc-MIR472a 9 27 56 77
ptc-MIR472b 9 27 46 67
ptc-MIR477e 8 27 75 96
ptc-MIR477f 6 25 78 93
ptc-MIR474a 3 26 62 103
ptc-MIR474b 3 26 57 106
ptc-MIR474c 8 30 47 70
ptc-MIR475a 11 31 101 121
ptc-MIR475b 18 38 106 126
ptc-MIR475c 9 29 100 120
ptc-MIR475d 15 35 77 97
ptc-MIR476a 7 27 68 89
ptc-MIR476b 3 23 66 85
ptc-MIR477a 3 23 65 85
ptc-MIR477b 3 23 65 85
ptc-MIR478a 4 26 70 93
ptc-MIR478b 5 27 71 94
ptc-MIR478c 79 26 70 93
ptc-MIR478d 79 18 64 87
ptc-MIR478e 13 43 52 75
ptc-MIR478f 6 31 36 59
ptc-MIR478h 5 26 70 93
ptc-MIR478i 5 31 34 57
ptc-MIR478j 5 31 34 57
ptc-MIR478k 5 31 34 57
ptc-MIR478l 5 31 34 57
ptc-MIR478m 5 31 34 57
ptc-MIR478o 79 26 70 93
ptc-MIR478p 41 63 70 93
ptc-MIR478q 5 26 70 93
ptc-MIR478r 5 16 33 56
ptc-MIR478s 79 26 70 93
ptc-MIR478n 41 63 70 93
ptc-MIR480 8 119 111 134
ptc-MIR481a 6 29 68 91
ptc-MIR481b 6 29 187 214
ptc-MIR481c 6 29 173 195
ptc-MIR481d 6 29 174 196
ptc-MIR482a 21 37 73 89
ath-MIR447a 17 39 203 223
ath-MIR447b 61 79 159 180
ath-MIR447c 39 59 121 142
osa-MIR528 3 23 68 88
osa-MIR529a 3 22 80 99
osa-MIR530 11 30 129 149
osa-MIR531a 18 41 38 66
ppt-MIR390a 16 36 102 122
ppt-MIR390b 28 48 111 131
ppt-MIR319a 5 27 148 167
ppt-MIR319b 4 23 140 159
ppt-MIR319c 19 41 154 174
ppt-MIR319d 29 49 145 165
ppt-MIR533a 6 26 79 99
ppt-MIR534a 7 28 175 196
ppt-MIR535a 27 47 88 108
ppt-MIR535b 2 22 62 82
ppt-MIR535c 2 22 62 82
osa-MIR535 6 26 71 91
ppt-MIR156a 21 40 79 99
ppt-MIR536a 18 37 163 184
ppt-MIR537a 17 37 155 175
ppt-MIR537b 10 30 122 142
ppt-MIR538a 38 59 124 144
ppt-MIR538b 17 38 84 104
ppt-MIR538c 38 59 105 125
ppt-MIR1211 17 37 76 96
ppt-MIR1212 14 37 59 79
ppt-MIR1214 16 36 64 80
ppt-MIR1215 18 38 91 111
ppt-MIR1216 41 61 100 120
ppt-MIR1217 20 40 75 95
ppt-MIR1218 29 49 95 115
ppt-MIR1219a 29 49 89 111
ppt-MIR1219b 3 23 59 76
ppt-MIR1219c 6 26 61 149
ppt-MIR1219d 29 49 89 111
ppt-MIR1220a 18 38 170 190
ppt-MIR1220b 18 36 170 190
ppt-MIR533b 17 37 90 110
ppt-MIR535d 3 23 65 85
ppt-MIR1221 21 41 137 158
ppt-MIR1222a 33 55 77 97
ppt-MIR1223a 16 38 90 110
ppt-MIR390c 13 33 105 125
mtr-MIR395c 3 23 77 97
mtr-MIR395d 3 23 75 95
mtr-MIR395e 3 23 80 100
mtr-MIR395f 3 23 78 98
mtr-MIR395g 3 21 43 63
mtr-MIR395h 9 23 81 101
mtr-MIR395i 3 28 56 76
mtr-MIR395j 3 21 56 76
mtr-MIR395l 3 23 81 101
mtr-MIR395m 3 23 80 100
mtr-MIR395n 3 23 81 101
mtr-MIR395o 3 23 63 83
mtr-MIR395k 3 25 52 72
osa-MIR395m 3 27 100 120
osa-MIR395n 3 24 46 66
osa-MIR395o 3 24 49 69
osa-MIR395p 3 24 48 68
osa-MIR395q 3 24 48 68
osa-MIR395v 3 24 49 69
osa-MIR395w 5 24 48 69
osa-MIR395r 3 24 48 68
ath-MIR771 12 33 82 102
ath-MIR472 14 34 136 157
ath-MIR773a 5 24 63 83
ath-MIR774a 11 31 70 90
ath-MIR775 12 30 95 114
ath-MIR776 20 39 82 102
ath-MIR777 6 26 84 105
ath-MIR778 7 27 113 133
ath-MIR779 4 23 142 162
ath-MIR780 7 30 150 170
ath-MIR781a 6 26 70 91
ath-MIR782 12 32 82 104
ptc-MIR171k 3 22 58 78
ptc-MIR403c 3 23 59 79
osa-MIR810a 21 41 201 221
osa-MIR812a 44 63 175 196
osa-MIR812b 13 31 141 162
osa-MIR812c 12 33 134 155
osa-MIR812d 8 27 129 150
osa-MIR812e 11 31 141 162
osa-MIR814a 19 40 60 81
osa-MIR814b 12 33 44 65
osa-MIR814c 12 33 53 74
osa-MIR815a 7 26 59 79
osa-MIR815b 32 52 81 101
osa-MIR815c 6 25 80 100
osa-MIR816 3 22 58 77
osa-MIR817 7 29 59 79
osa-MIR818a 8 29 117 138
osa-MIR818b 6 27 89 110
osa-MIR818c 16 38 142 163
osa-MIR818d 25 46 98 119
osa-MIR818e 5 26 201 222
osa-MIR820a 5 25 169 189
osa-MIR820b 10 30 174 194
osa-MIR820c 5 25 169 189
osa-MIR821a 15 38 239 262
osa-MIR821b 21 44 246 269
osa-MIR821c 11 34 235 258
ath-MIR822 50 70 270 290
ath-MIR823 54 74 120 140
ath-MIR825 54 75 115 135
ath-MIR826a 50 70 111 131
ath-MIR827 56 76 106 126
ath-MIR828 50 71 123 146
ath-MIR829 54 74 134 154
ath-MIR830 56 77 124 144
ath-MIR831 54 75 185 206
ath-MIR832 50 70 266 286
ath-MIR833a 54 75 115 136
ath-MIR834 219 74 178 198
ath-MIR835 50 70 363 383
ath-MIR836 54 77 263 286
ath-MIR837 55 75 113 133
ath-MIR838 54 74 136 156
ath-MIR839 50 70 196 217
ath-MIR840 50 71 158 178
ath-MIR841a 50 70 147 167
ath-MIR842 54 74 128 148
ath-MIR843 50 70 138 158
ath-MIR844 55 75 114 134
ath-MIR845a 54 76 92 112
ath-MIR846 52 72 288 308
ath-MIR848 55 75 123 144
ath-MIR849 54 74 118 138
ath-MIR850 50 71 154 176
ath-MIR851 50 70 119 139
ath-MIR852 54 74 137 157
ath-MIR853 50 71 223 243
ath-MIR824 35 55 628 648
ath-MIR847 54 74 159 179
ath-MIR855 7 28 250 266
ath-MIR854a 3 23 199 221
ath-MIR854b 3 23 199 221
ath-MIR854c 3 23 199 221
ath-MIR854d 3 23 199 221
ath-MIR856 28 49 230 250
ath-MIR857 16 36 344 364
ath-MIR858a 11 31 154 174
ath-MIR859 18 38 91 111
ath-MIR860 23 43 86 106
ath-MIR861 24 44 93 113
ath-MIR862 11 31 75 95
ath-MIR863 48 68 239 259
ath-MIR864 4 24 70 91
ath-MIR865 9 29 108 128
ath-MIR866 18 38 92 111
ath-MIR845b 18 38 61 82
ath-MIR867 24 44 76 96
ath-MIR868 54 74 166 186
ath-MIR869 41 59 240 260
ath-MIR870 6 26 65 85
mtr-MIR156b 6 25 70 91
mtr-MIR167a 6 26 294 316
mtr-MIR164a 6 26 75 95
mtr-MIR160b 6 26 67 87
mtr-MIR166b 8 28 145 165
mtr-MIR160c 6 26 68 88
mtr-MIR169c 6 26 63 85
mtr-MIR169d 6 26 217 238
mtr-MIR169e 7 27 78 99
mtr-MIR171b 8 26 69 89
mtr-MIR166c 8 28 80 100
mtr-MIR166d 8 28 66 86
mtr-MIR169f 6 26 119 136
mtr-MIR156c 6 25 73 94
mtr-MIR156d 6 25 64 86
mtr-MIR390 6 26 79 97
mtr-MIR399f 10 27 79 99
mtr-MIR399g 10 27 79 99
mtr-MIR399h 8 28 65 85
mtr-MIR399i 8 28 65 85
mtr-MIR399j 10 29 66 86
mtr-MIR399k 8 28 69 89
mtr-MIR166e 8 28 81 101
mtr-MIR156e 6 26 149 172
mtr-MIR319b 6 26 156 175
mtr-MIR171c 8 28 80 100
mtr-MIR398a 8 29 73 93
mtr-MIR172a 9 29 88 108
mtr-MIR393b 6 26 90 110
mtr-MIR398b 8 28 62 82
mtr-MIR168a 6 26 73 95
mtr-MIR169g 6 26 189 211
mtr-MIR156f 6 26 69 90
mtr-MIR399l 8 28 54 74
mtr-MIR156g 6 26 97 117
mtr-MIR399m 8 28 60 80
mtr-MIR399n 8 28 75 95
mtr-MIR399o 8 28 67 87
mtr-MIR398c 8 28 62 82
mtr-MIR164b 6 26 124 140
mtr-MIR156h 6 26 71 91
mtr-MIR166f 4 26 154 174
mtr-MIR160d 6 26 67 87
mtr-MIR164c 6 26 62 82
mtr-MIR164d 6 26 48 68
mtr-MIR166g 8 28 82 102
mtr-MIR171d 8 28 80 100
mtr-MIR171e 5 25 68 88
mtr-MIR396a 6 26 70 90
mtr-MIR396b 6 26 72 92
mtr-MIR169h 5 26 64 84
mtr-MIR169b 6 26 55 77
mtr-MIR156i 6 25 67 89
mtr-MIR171f 5 25 70 90
mtr-MIR160e 6 26 67 87
mtr-MIR399p 8 28 54 74
ghr-MIR156a 9 28 79 99
ghr-MIR156b 3 22 73 93
ghr-MIR156c 3 22 73 93
ghr-MIR156d 9 28 73 94
gra-MIR157a 5 25 78 101
gra-MIR157b 5 25 68 91
ghr-MIR162a 26 46 94 114
ghr-MIR166b 6 26 130 150
ghb-MIR169a 50 70 122 141
ghr-MIR390a 15 35 94 112
ghr-MIR390b 18 38 97 115
ghr-MIR390c 11 31 90 108
ghr-MIR396a 11 31 107 127
ghr-MIR396b 11 31 107 127
ghr-MIR399a 13 35 92 112
ghr-MIR399b 13 32 98 118
ppt-MIR156c 10 29 69 89
ppt-MIR160a 11 31 73 93
ppt-MIR160b 11 31 76 98
ppt-MIR160c 11 31 73 95
ppt-MIR160d 11 31 73 95
ppt-MIR166b 12 32 74 94
ppt-MIR166a 11 31 74 94
ppt-MIR167 11 31 53 76
ppt-MIR319e 11 33 147 167
ppt-MIR395 13 121 150 169
ppt-MIR408a 11 32 132 148
ppt-MIR414 13 5 146 166
ppt-MIR419 11 32 52 72
ppt-MIR477c 12 31 59 78
ppt-MIR477a 12 31 58 78
ppt-MIR477f 14 34 99 117
ppt-MIR477g 14 34 98 118
ppt-MIR534b 11 32 250 271
ppt-MIR893 70 89 151 170
ppt-MIR894 51 70 90 109
ppt-MIR895 51 72 78 36
ppt-MIR897 51 73 95 116
ppt-MIR899 47 68 152 172
ppt-MIR900 106 126 153 173
ppt-MIR901 99 127 151 171
ppt-MIR902a 105 122 151 170
ppt-MIR902b 98 118 151 170
ppt-MIR536c 29 51 151 172
ppt-MIR171a 7 27 67 87
ppt-MIR171b 8 28 67 87
ppt-MIR903 51 72 90 112
ppt-MIR536b 68 92 151 172
ppt-MIR904a 51 71 141 157
ppt-MIR904b 51 71 142 158
ppt-MIR898b 51 71 148 168
ppt-MIR898a 51 71 147 167
ppt-MIR156b 51 70 110 130
cre-MIR918 95 115 157 177
cre-MIR905 38 57 235 255
cre-MIR906 11 31 95 115
cre-MIR907 13 33 153 173
cre-MIR908 71 92 161 179
cre-MIR909 167 187 370 390
cre-MIR910 71 91 134 154
cre-MIR911 3 23 63 83
cre-MIR912 110 129 216 235
cre-MIR913 61 81 171 191
cre-MIR914 316 336 561 581
cre-MIR915 109 129 160 180
cre-MIR919 27 47 177 197
cre-MIR917 203 222 326 345
bna-MIR156a 1 21 63 83
bna-MIR171g 4 23 58 79
bna-MIR393 1 21 110 129
bna-MIR396a 1 21 99 119
bna-MIR399a 8 25 81 101
pta-MIR156a 6 25 62 80
pta-MIR156b 6 25 59 80
pta-MIR159a 9 29 185 204
pta-MIR159b 8 27 160 179
pta-MIR159c 19 37 49 69
pta-MIR166a 11 31 66 86
pta-MIR166b 19 39 90 110
pta-MIR166c 12 32 134 155
pta-MIR171 3 23 36 179
pta-MIR319 10 28 184 202
pta-MIR390 8 28 54 73
pta-MIR396 17 37 85 105
pta-MIR398 20 40 89 109
pta-MIR408 5 25 64 84
pta-MIR482a 5 26 69 90
pta-MIR482b 5 26 69 90
pta-MIR946a 14 34 139 159
pta-MIR946b 17 30 228 248
pta-MIR947 12 30 116 137
pta-MIR948 12 31 223 244
pta-MIR949 7 27 87 106
pta-MIR950a 18 37 59 78
pta-MIR950b 18 37 59 78
pta-MIR951 11 31 77 97
pta-MIR952a 18 37 418 435
pta-MIR952b 18 37 404 423
osa-MIR529b 19 39 101 121
ppt-MIR160e 30 50 92 112
ppt-MIR160f 30 50 92 112
ppt-MIR160g 30 50 92 112
ppt-MIR160h 29 49 91 113
ppt-MIR160i 30 50 93 114
ppt-MIR166c 30 50 77 97
ppt-MIR166d 30 50 82 102
ppt-MIR166e 34 54 96 116
ppt-MIR166f 33 53 74 94
ppt-MIR166g 34 54 96 116
ppt-MIR166h 32 51 78 98
ppt-MIR166i 30 50 74 94
ppt-MIR166j 36 54 81 101
ppt-MIR166k 32 50 77 97
ppt-MIR166l 34 54 83 103
ppt-MIR166m 34 54 80 100
ppt-MIR408b 34 53 94 114
ppt-MIR477d 31 50 108 129
ppt-MIR477e 34 53 82 97
ppt-MIR477h 31 49 110 128
ppt-MIR529a 30 50 103 125
ppt-MIR529b 30 50 103 125
ppt-MIR529c 30 50 105 127
ppt-MIR529d 37 57 83 103
ppt-MIR529e 30 50 76 96
ppt-MIR529f 30 50 76 96
ppt-MIR529g 30 50 103 125
ppt-MIR533c 30 50 125 145
ppt-MIR533d 30 50 92 112
ppt-MIR533e 34 54 103 123
ppt-MIR536d 30 50 396 417
ppt-MIR536e 30 50 439 460
ppt-MIR536f 36 52 127 146
ppt-MIR537c 10 30 122 142
ppt-MIR537d 26 46 136 156
ppt-MIR902c 35 55 85 104
ppt-MIR902d 30 50 84 103
ppt-MIR902e 34 54 84 103
ppt-MIR902f 30 50 78 97
ppt-MIR902g 34 54 92 111
ppt-MIR902h 34 53 78 98
ppt-MIR902i 30 49 74 94
ppt-MIR902j 34 54 123 143
ppt-MIR902k 34 54 92 112
ppt-MIR902l 35 55 84 104
ppt-MIR1222b 35 51 79 99
ppt-MIR1222c 36 56 84 104
ppt-MIR1222d 34 56 81 101
ppt-MIR1222e 36 54 79 99
ppt-MIR1223b 32 54 93 113
ppt-MIR1223c 32 54 93 113
ppt-MIR1223d 34 53 85 104
ppt-MIR1223e 30 50 80 100
ppt-MIR1223f 34 54 74 94
ppt-MIR1223g 30 50 70 90
ppt-MIR1223h 34 54 82 102
ppt-MIR1223i 30 50 78 98
ppt-MIR1223j 28 50 102 122
ppt-MIR1023a 34 54 120 140
ppt-MIR1023b 34 54 122 142
ppt-MIR1023c 30 51 122 142
ppt-MIR1023d 30 51 94 117
ppt-MIR1024a 34 55 112 132
ppt-MIR1024b 6 27 74 94
ppt-MIR1025 34 57 160 180
ppt-MIR1026a 30 50 127 145
ppt-MIR1026b 30 50 108 126
ppt-MIR1027a 34 54 92 112
ppt-MIR1027b 34 54 92 112
ppt-MIR1028a 30 50 193 213
ppt-MIR1028b 30 50 148 168
ppt-MIR1028c 34 54 147 167
ppt-MIR1029 35 55 106 125
ppt-MIR1030a 33 53 167 186
ppt-MIR1030b 10 30 145 164
ppt-MIR1030c 30 50 173 192
ppt-MIR1030d 30 50 173 192
ppt-MIR1030e 30 50 163 182
ppt-MIR1030f 30 50 150 170
ppt-MIR1030g 30 50 162 182
ppt-MIR1030h 14 34 142 161
ppt-MIR1030i 33 53 181 203
ppt-MIR1030j 32 52 174 196
ppt-MIR1031a 30 50 162 182
ppt-MIR1031b 30 50 152 172
ppt-MIR1032 30 50 81 101
ppt-MIR1033a 34 54 69 89
ppt-MIR1033b 32 54 69 89
ppt-MIR1033c 32 54 69 89
ppt-MIR1033d 34 54 69 89
ppt-MIR1033e 34 54 69 89
ppt-MIR1034 34 54 95 115
ppt-MIR1035 30 50 126 144
ppt-MIR1036 30 50 130 150
ppt-MIR1037 34 54 78 98
ppt-MIR1038 30 49 74 94
ppt-MIR1039 30 50 84 104
ppt-MIR1040 33 52 92 112
ppt-MIR1041 30 50 96 116
ppt-MIR1042 30 50 87 108
ppt-MIR1043 34 53 79 99
ppt-MIR1044 30 50 86 105
ppt-MIR1045 30 50 99 119
ppt-MIR1046 30 49 90 110
ppt-MIR1047 34 54 95 115
ppt-MIR1048 30 50 99 119
ppt-MIR1049 34 57 89 109
ppt-MIR1050 30 50 105 125
ppt-MIR1051 34 53 147 167
ppt-MIR1052 34 54 123 143
ppt-MIR1053 29 52 73 94
ppt-MIR1054 36 55 195 215
ppt-MIR1055 34 54 103 124
ppt-MIR1056 34 54 95 115
ppt-MIR1057 34 55 65 86
ppt-MIR1058 34 54 92 112
ppt-MIR1059 30 50 83 189
ppt-MIR1060 30 50 99 119
ppt-MIR1061 30 50 86 106
ppt-MIR1062 30 51 137 158
ppt-MIR1063a 30 50 175 193
ppt-MIR1063b 30 50 240 260
ppt-MIR1063c 30 50 317 337
ppt-MIR1063d 30 50 312 330
ppt-MIR1063e 30 50 189 210
ppt-MIR1063f 30 50 225 245
ppt-MIR1063g 30 50 264 285
ppt-MIR1063h 30 50 181 201
ppt-MIR1064 30 50 68 88
ppt-MIR1065 30 50 168 186
ppt-MIR1066 34 54 69 89
ppt-MIR1067 30 50 122 142
ppt-MIR1068 29 49 159 179
ppt-MIR1069 30 50 177 197
ppt-MIR1070 30 50 68 86
ppt-MIR1071 30 50 89 109
ppt-MIR1072 34 57 256 279
ppt-MIR1073 34 54 151 171
ppt-MIR1074 30 50 84 104
ppt-MIR1075 34 54 92 112
ppt-MIR1076 27 47 177 197
ppt-MIR1077 26 46 102 122
ppt-MIR1078 30 50 65 85
ppt-MIR1079 34 56 100 121
smo-MIR156a 11 30 72 93
smo-MIR156b 11 31 82 105
smo-MIR156c 11 31 74 96
smo-MIR156d 11 31 71 94
smo-MIR159 10 28 249 269
smo-MIR160a 11 31 76 96
smo-MIR160b 13 33 76 96
smo-MIR166a 19 39 108 128
smo-MIR166b 26 46 99 119
smo-MIR166c 11 31 107 127
smo-MIR171a 11 31 105 125
smo-MIR171b 8 28 72 92
smo-MIR171c 32 48 184 204
smo-MIR171d 11 31 73 93
smo-MIR396 11 30 140 157
smo-MIR408 12 32 77 98
smo-MIR536 11 31 116 136
smo-MIR1080 11 31 70 91
smo-MIR1081 70 90 276 296
smo-MIR1082a 23 43 119 141
smo-MIR1082b 11 31 61 81
smo-MIR1083 11 31 63 83
smo-MIR1084 12 33 81 101
smo-MIR1085 11 31 72 91
smo-MIR1086 11 31 71 92
smo-MIR1087 32 52 235 255
smo-MIR1088 17 37 66 86
smo-MIR1089 32 52 145 165
smo-MIR1090 11 31 74 90
smo-MIR1091 18 38 199 219
smo-MIR1092 24 44 126 146
smo-MIR1093 21 41 59 82
smo-MIR1094a 12 31 73 92
smo-MIR1094b 12 32 71 91
smo-MIR1094c 11 31 73 93
smo-MIR1095a 11 31 129 149
smo-MIR1095b 11 31 249 269
smo-MIR1096 11 31 69 89
smo-MIR1097 11 31 360 380
smo-MIR1098 12 32 70 90
smo-MIR1099 25 45 218 236
smo-MIR1100 13 34 84 104
smo-MIR1101 11 31 66 86
smo-MIR1102 18 38 74 94
smo-MIR319 53 72 138 159
smo-MIR1104 15 33 82 102
smo-MIR1105 17 37 96 116
smo-MIR1106 11 31 85 105
smo-MIR1107 11 31 58 79
smo-MIR1108 104 124 169 189
smo-MIR1109 22 42 82 102
smo-MIR1110 13 33 74 94
smo-MIR1111 93 113 194 214
smo-MIR1112 11 31 65 85
smo-MIR1113 12 32 192 211
smo-MIR1114 12 32 63 83
smo-MIR1115 11 31 74 94
smo-MIR1103 11 32 165 188
tae-MIR159a 4 22 154 174
tae-MIR159b 5 23 230 250
tae-MIR160 22 42 93 113
tae-MIR164 3 23 136 156
tae-MIR167a 18 38 52 79
tae-MIR171a 18 38 89 109
tae-MIR399 19 37 108 126
tae-MIR408 46 94 136 156
tae-MIR444a 153 173 25 45
tae-MIR1117 19 42 75 15
tae-MIR1118 22 44 96 118
tae-MIR1119 84 107 47 73
tae-MIR1120a 26 49 70 93
tae-MIR1121 32 59 51 72
tae-MIR1122a 96 115 63 82
tae-MIR1123 11 27 188 210
tae-MIR1124 29 55 83 104
tae-MIR1125 16 39 104 127
tae-MIR1127a 22 40 115 133
tae-MIR1128 31 51 147 169
tae-MIR1129 25 48 62 89
tae-MIR1130a 16 38 86 109
tae-MIR1131 4 25 37 60
tae-MIR1133 29 50 135 156
tae-MIR1134 19 111 124 147
tae-MIR1135 11 34 78 101
tae-MIR1136 23 46 64 87
tae-MIR1137a 73 92 51 70
tae-MIR1138 37 62 140 162
tae-MIR1139 11 32 195 216
ppt-MIR477b 34 53 121 140
cre-MIR1142 14 34 49 73
cre-MIR1143 1 19 138 161
cre-MIR1144a 77 97 148 165
cre-MIR1145 56 76 255 275
cre-MIR1146 1 20 49 67
cre-MIR1147 23 42 62 79
cre-MIR1148 35 55 88 110
cre-MIR1149 23 44 83 103
cre-MIR1150 44 64 337 357
cre-MIR1151a 14 34 79 96
cre-MIR1151b 31 51 96 115
cre-MIR1152 22 42 91 111
cre-MIR1153 25 45 111 129
cre-MIR1154 21 40 83 101
cre-MIR1155 7 26 75 96
cre-MIR1156 11 29 241 261
cre-MIR1157 30 51 92 112
cre-MIR1158 141 160 363 382
cre-MIR1160 116 136 373 393
cre-MIR1161a 26 43 58 76
cre-MIR1162 28 49 95 116
cre-MIR1163 101 121 273 293
cre-MIR1164 11 31 136 156
cre-MIR1165 7 27 110 131
cre-MIR1166 123 143 240 258
cre-MIR1168 38 54 135 151
cre-MIR1169 6 27 70 90
cre-MIR1170 20 40 129 149
cre-MIR1171 16 38 158 176
cre-MIR1173 176 196 346 366
cre-MIR1172 4 24 91 112
cre-MIR1167 5 26 68 87
cre-MIR1144b 34 55 145 166
cre-MIR1159 32 52 207 227
cpa-MIR162a 15 35 80 100
bol-MIR824 22 42 590 610
bra-MIR824 22 42 588 608
bna-MIR824 22 42 588 608
bna-MIR397a 6 27 73 93
bna-MIR397b 6 27 73 93
bna-MIR390a 33 53 96 118
bna-MIR390b 18 38 68 88
bna-MIR390c 23 43 86 104
bna-MIR171a 11 31 74 94
bna-MIR171b 10 30 73 93
bna-MIR171c 4 24 67 87
bna-MIR171d 9 29 71 91
bna-MIR171e 8 28 70 90
bna-MIR171f 20 40 84 104
bna-MIR169a 19 39 95 117
bna-MIR169b 18 38 152 174
bna-MIR169c 26 46 134 152
bna-MIR169d 40 60 163 181
bna-MIR169e 9 25 252 272
bna-MIR169f 31 51 154 172
bna-MIR169g 37 58 114 133
bna-MIR169h 37 58 122 141
bna-MIR169i 15 36 145 162
bna-MIR169j 9 30 143 160
bna-MIR169k 34 55 110 129
bna-MIR169l 25 46 159 176
bna-MIR169m 45 65 103 121
bna-MIR168a 18 38 100 118
bna-MIR167a 18 39 95 116
bna-MIR167b 18 39 87 108
bna-MIR167c 18 38 98 118
bna-MIR166a 8 26 111 131
bna-MIR166b 10 30 91 111
bna-MIR166c 17 37 93 113
bna-MIR166d 23 43 77 97
bna-MIR164a 7 27 63 83
bna-MIR161 14 34 103 123
bna-MIR159 4 24 161 181
bna-MIR156b 25 45 160 177
bna-MIR1140 19 40 120 140
bna-MIR156c 18 38 119 140
vvi-MIR156a 11 30 74 94
vvi-MIR156b 11 30 71 92
vvi-MIR156c 11 30 74 94
vvi-MIR156d 11 30 72 93
vvi-MIR156e 11 30 78 98
vvi-MIR156f 11 31 74 95
vvi-MIR156g 11 31 72 91
vvi-MIR156i 11 31 72 91
vvi-MIR159a 11 30 164 184
vvi-MIR159b 11 31 155 175
vvi-MIR159c 11 29 160 180
vvi-MIR160a 11 33 71 93
vvi-MIR160b 11 33 70 94
vvi-MIR160c 11 31 76 96
vvi-MIR160d 11 31 72 92
vvi-MIR160e 11 31 72 92
vvi-MIR162 11 31 73 93
vvi-MIR164a 11 31 91 111
vvi-MIR164b 11 31 61 81
vvi-MIR164c 11 31 21 83
vvi-MIR164d 11 31 88 108
vvi-MIR166a 13 31 100 118
vvi-MIR166b 14 32 68 86
vvi-MIR166c 12 32 129 149
vvi-MIR166d 12 32 129 149
vvi-MIR166e 12 32 135 155
vvi-MIR166f 12 32 69 89
vvi-MIR166g 12 32 69 89
vvi-MIR166h 12 32 69 89
vvi-MIR167a 11 31 322 341
vvi-MIR167b 11 31 70 89
vvi-MIR167c 11 31 64 81
vvi-MIR167d 11 31 83 105
vvi-MIR167e 11 31 63 80
vvi-MIR168 11 31 104 122
vvi-MIR169a 13 33 92 114
vvi-MIR169y 11 31 224 238
vvi-MIR169c 13 33 58 80
vvi-MIR169d 11 31 90 112
vvi-MIR169e 12 33 120 138
vvi-MIR169f 13 33 156 174
vvi-MIR169g 13 33 91 111
vvi-MIR169j 13 33 90 112
vvi-MIR169k 13 33 90 112
vvi-MIR169m 12 32 72 91
vvi-MIR169p 12 32 72 91
vvi-MIR169r 11 31 80 99
vvi-MIR169s 13 33 67 89
vvi-MIR169t 11 31 81 102
vvi-MIR169u 11 31 81 102
vvi-MIR171a 16 36 68 88
vvi-MIR171b 11 33 69 89
vvi-MIR171c 14 34 70 90
vvi-MIR171d 14 34 67 87
vvi-MIR171e 14 36 70 90
vvi-MIR171f 11 31 73 93
vvi-MIR171h 11 33 66 86
vvi-MIR171i 15 35 69 89
vvi-MIR172a 11 69 80 100
vvi-MIR172b 13 33 88 108
vvi-MIR172c 13 33 108 128
vvi-MIR172d 11 33 77 99
vvi-MIR319b 15 31 163 183
vvi-MIR319c 12 30 151 171
vvi-MIR319f 12 30 162 182
vvi-MIR319g 8 31 192 212
vvi-MIR390 11 31 110 130
vvi-MIR393b 11 31 54 73
vvi-MIR394a 11 32 60 79
vvi-MIR394b 11 30 64 83
vvi-MIR395a 11 33 62 82
vvi-MIR395b 11 32 60 80
vvi-MIR395c 11 33 62 82
vvi-MIR395d 11 33 56 76
vvi-MIR395e 11 33 62 82
vvi-MIR395f 11 33 56 76
vvi-MIR395g 11 33 56 76
vvi-MIR395h 11 33 62 82
vvi-MIR395i 11 33 56 76
vvi-MIR395j 11 33 56 76
vvi-MIR395k 10 32 61 81
vvi-MIR395l 11 33 57 77
vvi-MIR395m 11 33 62 82
vvi-MIR396a 14 34 89 107
vvi-MIR396b 14 33 80 99
vvi-MIR396d 11 31 90 110
vvi-MIR398a 11 35 73 93
vvi-MIR399a 11 31 67 87
vvi-MIR399b 11 31 87 107
vvi-MIR399e 15 32 82 102
vvi-MIR399g 9 31 83 103
vvi-MIR399h 11 31 60 80
vvi-MIR408 11 31 77 97
vvi-MIR479 11 32 63 86
vvi-MIR535a 11 31 71 91
vvi-MIR535b 11 31 71 91
vvi-MIR535c 11 31 71 91
osa-MIR1423 21 44 95 115
osa-MIR1424 35 52 269 289
osa-MIR1425 14 34 71 91
osa-MIR1426 5 25 107 127
osa-MIR1427 41 61 186 206
osa-MIR1428a 9 29 89 109
osa-MIR1429 1 21 99 119
osa-MIR1430 22 42 108 128
osa-MIR1431 31 51 185 205
osa-MIR1432 7 27 84 104
osa-MIR169r 14 34 86 106
osa-MIR444b 15 35 106 126
osa-MIR444c 19 39 104 124
osa-MIR444d 20 40 108 128
osa-MIR444e 24 44 99 119
osa-MIR444f 14 34 124 144
osa-MIR810b 38 58 168 188
osa-MIR1435 4 23 163 182
osa-MIR1436 15 35 121 141
osa-MIR1437a 23 44 147 168
osa-MIR1438 19 40 150 171
osa-MIR1440a 10 29 163 182
osa-MIR1441 23 43 140 160
osa-MIR1442 6 25 162 182
osa-MIR1439 23 43 132 152
ptc-MIR171l 17 38 78 97
ptc-MIR171m 15 60 70 89
ptc-MIR171j 15 37 70 89
ptc-MIR530a 21 40 109 128
ptc-MIR530b 21 40 137 156
ptc-MIR1444a 14 33 59 78
ptc-MIR1444b 13 32 56 75
ptc-MIR1444c 13 32 56 75
ptc-MIR1445 19 32 93 112
ptc-MIR827 15 31 48 68
ptc-MIR1446a 9 28 80 99
ptc-MIR1446b 9 28 78 97
ptc-MIR1446c 9 28 80 99
ptc-MIR1446d 9 28 80 99
ptc-MIR1446e 9 28 80 101
ptc-MIR1447 11 29 88 108
ptc-MIR1448 10 28 59 78
ptc-MIR1449 8 29 90 110
ptc-MIR1450 23 45 110 131
pta-MIR482c 6 25 58 77
pta-MIR482d 9 26 69 88
gma-MIR159b 13 33 156 176
gma-MIR159c 11 29 154 174
gma-MIR162a 13 32 73 92
gma-MIR164a 11 31 67 87
gma-MIR167c 11 31 348 367
gma-MIR169b 11 31 156 178
gma-MIR169c 11 31 89 110
gma-MIR171a 5 28 72 92
gma-MIR390a 11 31 68 87
gma-MIR390b 11 31 68 89
gma-MIR393a 11 31 93 112
gma-MIR171b 6 28 62 82
gma-MIR482a 3 24 62 85
gma-MIR1507a 14 32 76 97
gma-MIR1508a 13 35 63 85
gma-MIR1509a 11 32 83 103
gma-MIR1510a 13 36 61 83
gma-MIR1511 8 27 70 89
gma-MIR1512a 11 32 66 86
gma-MIR1513a 11 31 52 74
gma-MIR1514a 11 31 71 91
gma-MIR1514b 11 31 81 101
gma-MIR1515a 11 32 116 137
gma-MIR1516a 13 35 81 101
gma-MIR1517 12 35 364 387
gma-MIR1518 11 31 111 130
gma-MIR1519 11 32 214 259
gma-MIR1520d 8 31 80 101
gma-MIR1536 8 29 211 231
gma-MIR1520a 45 65 118 140
gma-MIR1521a 11 30 112 131
gma-MIR1522 11 30 162 179
gma-MIR1523a 11 30 63 94
gma-MIR1524 13 37 306 326
gma-MIR1525 11 31 247 265
gma-MIR1520b 13 35 97 119
gma-MIR1526 15 30 143 164
gma-MIR1527 13 32 212 231
gma-MIR1528 11 33 235 257
gma-MIR1529 13 54 169 191
gma-MIR1530 19 38 119 139
gma-MIR1531 11 34 83 105
gma-MIR1532 150 27 120 142
gma-MIR1520c 13 97 108 130
gma-MIR1533 18 35 112 130
gma-MIR1534 11 30 213 235
gma-MIR1535a 13 31 68 86
vvi-MIR156h 11 30 195 218
vvi-MIR169b 11 31 75 96
vvi-MIR169h 11 31 71 89
vvi-MIR169i 12 32 74 94
vvi-MIR169l 12 32 72 92
vvi-MIR169n 12 32 71 90
vvi-MIR169o 12 32 71 92
vvi-MIR169q 12 32 67 86
vvi-MIR169v 12 32 64 87
vvi-MIR169w 13 33 111 133
vvi-MIR169x 12 32 93 114
vvi-MIR171g 9 30 46 66
vvi-MIR319e 12 33 76 96
vvi-MIR393a 11 31 97 116
vvi-MIR394c 11 32 73 92
vvi-MIR395n 11 31 107 127
vvi-MIR396c 11 31 78 98
vvi-MIR397a 11 31 96 116
vvi-MIR398b 11 32 58 78
vvi-MIR398c 11 32 58 78
vvi-MIR399c 11 31 52 72
vvi-MIR399d 15 31 75 95
vvi-MIR399f 7 33 76 96
vvi-MIR399i 11 71 92 112
vvi-MIR403a 11 31 85 105
vvi-MIR403b 11 31 56 76
vvi-MIR403c 11 31 85 105
vvi-MIR403d 11 33 56 76
vvi-MIR403e 11 31 85 105
vvi-MIR403f 13 31 78 98
vvi-MIR477a 11 31 64 84
vvi-MIR482 11 33 86 107
vvi-MIR828a 10 31 90 113
vvi-MIR845a 13 31 412 432
vvi-MIR845b 13 29 412 432
vvi-MIR845c 11 30 60 80
vvi-MIR845d 11 31 101 121
vvi-MIR845e 11 31 101 121
osa-MIR531b 11 30 39 59
osa-MIR1846d 11 32 87 106
osa-MIR1847 17 37 60 83
osa-MIR1848 11 31 38 53
osa-MIR1849 7 27 66 86
osa-MIR1850 43 63 73 94
osa-MIR1851 15 37 439 459
osa-MIR1852 17 35 103 123
osa-MIR1853 11 34 58 79
osa-MIR1854 10 30 78 99
osa-MIR1855 11 33 80 100
osa-MIR1856 11 31 119 139
osa-MIR1857 11 31 100 120
osa-MIR1428b 18 39 89 109
osa-MIR1428c 27 48 98 118
osa-MIR1428d 18 39 89 109
osa-MIR1428e 11 32 82 102
osa-MIR1858a 46 66 140 160
osa-MIR1858b 43 63 137 157
osa-MIR1846a 33 53 62 82
osa-MIR1846b 33 53 62 82
osa-MIR1859 11 32 66 87
osa-MIR1860 38 58 91 112
osa-MIR1861a 23 44 87 108
osa-MIR1861b 18 39 82 103
osa-MIR1861c 23 44 65 86
osa-MIR1861d 18 39 82 103
osa-MIR1861e 16 37 58 79
osa-MIR1861f 17 38 81 102
osa-MIR1861g 23 44 65 86
osa-MIR1861h 11 32 75 96
osa-MIR1861i 5 26 69 90
osa-MIR1861j 14 35 78 97
osa-MIR1861k 16 37 58 79
osa-MIR1861l 23 44 87 108
osa-MIR1861m 18 39 60 81
osa-MIR1861n 23 44 87 108
osa-MIR1862a 13 36 55 78
osa-MIR1862b 51 72 132 155
osa-MIR1862c 11 34 56 79
osa-MIR1863a 11 34 341 364
osa-MIR1864 8 29 227 250
osa-MIR1865 11 34 111 134
osa-MIR1866 11 34 52 73
osa-MIR1868 47 70 100 127
osa-MIR812f 12 34 146 169
osa-MIR1869 11 34 111 128
osa-MIR1870 44 67 140 163
osa-MIR1871 33 56 82 105
osa-MIR1872 15 37 41 64
osa-MIR1873 14 37 164 187
osa-MIR1874 34 57 103 126
osa-MIR1875 12 35 220 243
osa-MIR1862d 40 63 90 113
osa-MIR1876 37 60 106 129
osa-MIR1862e 11 34 60 83
osa-MIR1877 26 51 217 240
osa-MIR1878 11 34 73 90
osa-MIR1879 14 37 112 135
osa-MIR1880 24 47 84 109
osa-MIR1881 38 61 280 303
osa-MIR1882a 24 47 117 140
osa-MIR1882b 22 45 119 142
osa-MIR1882c 7 30 102 125
osa-MIR1882d 22 45 119 142
osa-MIR1882e 11 34 108 131
osa-MIR1882f 22 45 118 141
osa-MIR1882g 21 44 117 140
osa-MIR1882h 36 59 133 156
osa-MIR812g 54 75 173 196
osa-MIR812h 44 67 121 144
osa-MIR812i 47 70 173 196
osa-MIR812j 69 92 200 223
osa-MIR1883a 22 45 74 97
osa-MIR1883b 30 53 84 107
bra-MIR1885a 82 100 217 238
ath-MIR1886 13 33 84 104
ath-MIR1887 7 27 39 59
ath-MIR1888a 10 30 75 95
sly-MIR1916 38 57 160 179
sly-MIR1917 24 44 93 116
sly-MIR1918 29 50 104 125
sly-MIR1919a 16 37 91 111
sly-MIR1919b 31 52 97 117
sly-MIR1919c 31 51 97 117
sly-MIR160a 20 40 84 104
sly-MIR166a 8 28 86 106
sly-MIR166b 39 59 154 174
sly-MIR167a 19 39 82 99
sly-MIR169a 41 61 91 113
sly-MIR169b 17 35 171 191
sly-MIR169c 41 61 91 113
sly-MIR169d 39 59 118 137
sly-MIR171a 18 38 87 107
sly-MIR171b 6 26 65 85
sly-MIR171c 22 42 78 98
sly-MIR171d 12 31 75 94
sly-MIR395a 29 50 149 171
sly-MIR395b 19 36 66 87
sly-MIR397 20 39 82 102
pta-MIR1309 34 54 48 67
pta-MIR1311 12 34 54 75
pta-MIR1312 18 38 100 121
pta-MIR1313 10 30 178 198
pta-MIR1314 45 65 89 110
pta-MIR1315 19 37 155 175
pta-MIR1316 29 45 55 75
osa-MIR1319a 25 48 78 101
osa-MIR1320 13 33 62 82
sly-MIR156a 1 21 81 100
sly-MIR156b 1 21 65 84
sly-MIR156c 1 21 65 83
sly-MIR159 3 25 157 177
sly-MIR162 7 24 79 99
sly-MIR172a 3 25 86 106
sly-MIR172b 3 25 115 135
sly-MIR319a 4 24 149 168
sly-MIR399 3 23 51 71
osa-MIR1846c 20 40 49 69
osa-MIR2055 10 30 74 94
osa-MIR827 6 22 97 117
ppt-MIR2077 24 44 83 103
ppt-MIR2078 55 75 115 135
ppt-MIR2079 24 44 81 101
ppt-MIR2080 26 46 86 106
ppt-MIR2084 33 53 75 93
ppt-MIR2085 23 43 65 85
ppt-MIR2081 23 43 82 102
ppt-MIR2082 27 47 84 104
ppt-MIR2083 77 97 277 297
ppt-MIR1023e 21 41 80 100
mtr-MIR2086 13 33 70 90
mtr-MIR1510b 74 94 135 155
mtr-MIR1507 32 53 94 115
mtr-MIR1510a 20 40 128 148
mtr-MIR1509a 79 99 150 170
mtr-MIR2087 87 107 162 182
mtr-MIR2088 39 58 93 112
mtr-MIR2089 41 62 104 125
osa-MIR1846e 10 29 42 61
osa-MIR1428f 10 31 81 101
osa-MIR1428g 10 31 81 101
osa-MIR2090 7 28 78 93
osa-MIR2091 5 25 55 76
osa-MIR2092 10 30 79 100
osa-MIR2093 10 29 29 48
osa-MIR2094 13 33 42 63
osa-MIR2095 7 28 58 77
osa-MIR2096 11 31 209 229
osa-MIR2097 8 29 146 167
osa-MIR2098 15 34 43 62
osa-MIR2099 9 30 31 50
osa-MIR2100 6 27 122 143
osa-MIR2101 10 31 76 97
osa-MIR2102 10 29 75 96
osa-MIR396f 8 29 145 168
osa-MIR2103 10 31 42 65
osa-MIR2104 12 34 74 95
osa-MIR2105 12 30 54 73
osa-MIR2106 12 33 56 76
zma-MIR396c 11 32 46 67
zma-MIR396d 11 32 41 58
gma-MIR167d 21 41 82 104
gma-MIR396c 21 41 77 97
gma-MIR1507b 9 28 72 92
gma-MIR1508b 13 33 65 85
gma-MIR1510b 14 35 63 83
gma-MIR2107 4 24 31 48
gma-MIR2108a 8 28 36 53
gma-MIR2108b 4 24 43 66
gma-MIR2109 3 22 51 71
lja-MIR167 21 41 73 92
lja-MIR396 16 36 76 96
vun-MIR1507a 14 33 78 98
ath-MIR2111a 28 48 111 131
ath-MIR2111b 45 65 107 127
ath-MIR2112 14 34 123 143
bra-MIR157a 14 34 121 138
bra-MIR159a 6 26 163 183
bra-MIR160a 26 46 86 106
bra-MIR164a 10 30 66 86
bra-MIR167a 18 38 98 118
bra-MIR167b 18 38 96 116
bra-MIR167c 18 38 96 116
bra-MIR167d 18 38 88 108
bra-MIR171a 9 23 65 85
bra-MIR171b 11 31 74 94
bra-MIR171c 4 24 67 87
bra-MIR171d 10 30 73 93
bra-MIR171e 20 40 84 104
bra-MIR172a 15 37 87 107
bra-MIR172b 8 28 82 102
bol-MIR157a 6 26 83 104
bol-MIR171a 9 29 71 91
bol-MIR172a 15 37 87 107
bol-MIR172b 8 30 82 102
bol-MIR398a 8 28 71 91
mdm-MIR482a 40 61 98 119
mtr-MIR159a 7 27 152 172
gma-MIR2119 23 47 96 116
mtr-MIR2119 25 43 94 114
pvu-MIR2118 21 42 73 94
pvu-MIR159a 4 22 153 173
pvu-MIR1514a 65 86 104 137
pvu-MIR482 6 27 58 79
pvu-MIR2119 41 65 128 148
pvu-MIR166a 22 42 125 145
pvu-MIR319c 10 28 174 194
pvu-MIR399a 89 109 39 59
vun-MIR1507b 14 33 78 98
osa-MIR2120 4 32 49 72
osa-MIR2121a 4 25 96 119
osa-MIR2121b 4 25 153 176
osa-MIR2122 1 22 192 206
gma-MIR167e 19 39 71 88
gma-MIR167f 19 39 71 88
gma-MIR172c 25 45 114 134
gma-MIR172d 20 45 111 134
gma-MIR172e 20 45 114 137
gma-MIR1509b 11 31 84 101
mtr-MIR2118 44 65 98 119
mtr-MIR2199 20 40 442 462
sbi-MIR156f 3 22 105 126
sbi-MIR156g 2 21 67 88
sbi-MIR156h 2 21 71 92
sbi-MIR156i 3 22 100 121
sbi-MIR160f 1 21 68 88
sbi-MIR164d 1 21 143 161
sbi-MIR164e 3 23 183 203
sbi-MIR166h 5 24 162 181
sbi-MIR166i 4 21 66 85
sbi-MIR166j 7 24 85 104
sbi-MIR166k 5 20 83 102
sbi-MIR167h 1 21 71 90
sbi-MIR167i 3 23 109 130
sbi-MIR169e 1 21 89 109
sbi-MIR169h 1 21 78 98
sbi-MIR169j 3 23 99 122
sbi-MIR169k 1 21 76 95
sbi-MIR169l 4 24 79 97
sbi-MIR169m 1 21 73 91
sbi-MIR169n 3 23 73 92
sbi-MIR171g 5 23 57 77
sbi-MIR171h 3 23 59 79
sbi-MIR171i 4 22 68 88
sbi-MIR171j 9 29 83 103
sbi-MIR171k 6 26 62 82
sbi-MIR172d 7 18 68 87
sbi-MIR319b 7 25 158 177
sbi-MIR390 3 23 160 180
sbi-MIR393b 1 21 65 85
sbi-MIR394b 2 21 56 75
sbi-MIR395c 3 24 51 71
sbi-MIR395g 5 22 48 68
sbi-MIR395h 5 22 61 81
sbi-MIR395i 5 22 77 97
sbi-MIR395j 5 22 67 87
sbi-MIR395k 5 22 60 80
sbi-MIR395l 5 22 64 84
sbi-MIR396d 1 22 77 96
sbi-MIR396e 2 23 168 189
sbi-MIR397 1 21 71 91
sbi-MIR399j 4 22 71 91
sbi-MIR408 6 23 184 204
sbi-MIR437a 3 24 168 188
sbi-MIR437b 6 20 151 171
sbi-MIR437c 5 23 155 175
sbi-MIR437d 3 19 114 134
sbi-MIR437e 7 17 81 101
sbi-MIR437f 4 22 152 172
sbi-MIR437g 5 23 154 174
sbi-MIR437i 5 21 150 170
sbi-MIR437j 5 21 152 172
sbi-MIR437k 7 23 150 170
sbi-MIR437l 5 21 150 170
sbi-MIR437m 5 21 152 172
sbi-MIR437n 3 23 160 180
sbi-MIR437o 3 21 153 173
sbi-MIR437p 7 23 166 186
sbi-MIR437q 6 24 138 158
sbi-MIR437r 4 22 158 178
sbi-MIR437s 3 23 154 174
sbi-MIR437t 5 21 150 170
sbi-MIR437u 6 18 144 164
sbi-MIR437v 5 24 94 114
sbi-MIR437w 7 19 153 173
sbi-MIR529 4 23 96 115
sbi-MIR821a 20 40 248 268
sbi-MIR821b 20 40 250 270
sbi-MIR821c 20 40 248 268
sbi-MIR821d 4 24 232 252
sbi-MIR821e 4 24 232 252
sbi-MIR1432 61 81 127 148
sbi-MIR1435a 62 81 229 248
sbi-MIR1435b 62 81 211 230
osa-MIR2118a 36 57 131 152
osa-MIR2118b 43 64 120 141
osa-MIR2118c 3 24 76 97
osa-MIR2118d 42 63 117 138
osa-MIR2118e 45 64 121 142
osa-MIR2118f 44 65 109 130
osa-MIR2118g 42 63 101 122
osa-MIR2118h 35 56 109 130
osa-MIR2118i 43 64 122 143
osa-MIR2118j 40 61 109 130
osa-MIR2118k 43 64 118 139
osa-MIR2118l 44 65 121 142
osa-MIR2118m 39 60 108 129
osa-MIR2118n 43 62 120 141
osa-MIR2118o 34 53 107 128
osa-MIR2118p 42 63 115 136
osa-MIR2118q 43 64 118 139
osa-MIR2118r 42 60 116 137
osa-MIR2275a 47 67 97 118
osa-MIR2275b 16 36 66 87
zma-MIR2118a 14 35 86 107
zma-MIR2118b 12 33 88 109
zma-MIR2118c 34 55 85 106
zma-MIR2118d 39 60 89 110
zma-MIR2118e 39 60 90 111
zma-MIR2118f 12 32 90 111
zma-MIR2118g 35 56 90 111
zma-MIR2275a 18 38 81 102
zma-MIR2275b 13 33 51 72
zma-MIR2275c 32 52 193 214
zma-MIR2275d 18 38 93 114
bna-MIR2111b 20 40 83 103
bna-MIR2111a 27 47 109 129
bdi-MIR444a 6 26 90 110
bdi-MIR171a 50 70 60 59
bdi-MIR167a 11 31 39 57
bdi-MIR1139 94 54 62 82
bdi-MIR397a 18 38 80 100
bdi-MIR156a 98 118 101 121
bdi-MIR172d 4 22 72 92
bdi-MIR1122 64 83 164 50
bdi-MIR166a 20 40 85 105
bdi-MIR171c 3 23 64 84
bdi-MIR399a 3 23 73 93
bdi-MIR437 92 110 93 113
bdi-MIR169b 19 39 79 98
bdi-MIR1127 21 41 115 18
bdi-MIR1135 24 53 101 124
mtr-MIR169k 21 41 63 83
mtr-MIR2585a 26 48 301 322
mtr-MIR2585b 23 46 296 317
mtr-MIR2586a 13 34 167 187
mtr-MIR2587a 21 42 70 90
mtr-MIR2587b 18 39 62 82
mtr-MIR2587c 21 42 70 90
mtr-MIR2587d 21 42 65 85
mtr-MIR2587e 21 42 65 85
mtr-MIR2587f 21 42 65 85
mtr-MIR2588a 21 41 376 396
mtr-MIR2588b 21 41 376 396
mtr-MIR2589 21 42 327 348
mtr-MIR2590a 22 43 157 178
mtr-MIR2590b 24 45 163 184
mtr-MIR2590c 22 43 162 183
mtr-MIR2590d 26 47 164 185
mtr-MIR2590e 26 47 169 190
mtr-MIR2590f 22 43 157 178
mtr-MIR2591 4 25 392 409
mtr-MIR2592b 18 38 213 233
mtr-MIR2592c 19 39 213 233
mtr-MIR2592d 22 43 216 236
mtr-MIR2592e 25 46 219 239
mtr-MIR2592f 25 45 219 239
mtr-MIR2592i 25 45 219 239
mtr-MIR2592j 19 39 213 233
mtr-MIR2592o 25 46 219 239
mtr-MIR2592p 23 43 217 237
mtr-MIR2592q 24 45 218 238
mtr-MIR2592r 25 45 219 239
mtr-MIR2592s 22 42 215 235
mtr-MIR2593a 21 41 77 97
mtr-MIR2593b 21 41 77 97
mtr-MIR2593c 21 41 77 97
mtr-MIR2594 17 37 44 64
mtr-MIR2595 23 45 101 121
mtr-MIR2596 19 39 60 79
mtr-MIR2597 20 39 68 88
mtr-MIR2111c 20 40 67 87
mtr-MIR2111d 20 40 64 84
mtr-MIR2111e 20 40 67 87
mtr-MIR2111g 20 40 94 114
mtr-MIR2111h 21 41 65 85
mtr-MIR2111i 20 40 67 87
mtr-MIR2111m 21 41 65 85
mtr-MIR2111n 21 41 95 115
mtr-MIR2111o 21 41 58 85
mtr-MIR2598 21 41 297 317
mtr-MIR2599 21 41 133 153
mtr-MIR2600a 21 41 81 101
mtr-MIR2601 21 42 178 199
mtr-MIR2602a 23 43 131 151
mtr-MIR2602b 23 43 130 150
mtr-MIR2603 21 42 274 295
mtr-MIR2604 21 41 248 268
mtr-MIR2605 15 34 273 25
mtr-MIR2606a 21 41 146 166
mtr-MIR2606b 16 36 141 161
mtr-MIR2607 27 44 74 94
mtr-MIR2608 10 31 183 204
mtr-MIR2609a 17 37 218 240
mtr-MIR2609b 17 37 218 240
mtr-MIR2610a 2 22 395 413
