5p 43 1 1 1 0
5p 47 3 1 1 0
5p 48 7 1 1 0
5p 50 2 1 1 0
5p 52 1 2 2 0
5p 53 4 1 2 1
5p 54 4 1 4 3
5p 55 4 1 3 2
5p 57 3 1 1 0
5p 58 10 1 10 9
5p 59 5 1 2 1
5p 60 5 1 10 9
5p 61 3 2 11 9
5p 62 6 1 3 2
5p 63 9 1 11 10
5p 64 17 1 11 10
5p 65 5 1 9 8
5p 66 8 1 11 10
5p 67 15 1 11 10
5p 68 17 1 11 10
5p 69 12 1 11 10
5p 70 18 1 12 11
5p 71 26 1 13 12
5p 72 14 1 15 14
5p 73 21 1 14 13
5p 74 17 1 12 11
5p 75 10 1 12 11
5p 76 23 1 12 11
5p 77 17 1 11 10
5p 78 18 1 10 9
5p 79 19 1 11 10
5p 80 23 1 14 13
5p 81 50 1 40 39
5p 82 37 1 16 15
5p 83 43 1 24 23
5p 84 41 1 22 21
5p 85 44 1 12 11
5p 86 36 1 20 19
5p 87 45 1 39 38
5p 88 51 1 19 18
5p 89 58 1 18 17
5p 90 60 1 24 23
5p 91 67 1 21 20
5p 92 49 1 20 19
5p 93 51 1 22 21
5p 94 46 1 21 20
5p 95 49 1 26 25
5p 96 57 1 41 40
5p 97 45 1 20 19
5p 98 45 1 25 24
5p 99 51 1 26 25
5p 100 56 1 30 29
5p 101 55 1 22 21
5p 102 67 1 40 39
5p 103 64 1 21 20
5p 104 79 1 41 40
5p 105 73 1 24 23
5p 106 53 1 25 24
5p 107 63 1 25 24
5p 108 49 2 25 23
5p 109 52 1 26 25
5p 110 72 1 51 50
5p 111 47 5 30 25
5p 112 47 1 33 32
5p 113 41 1 24 23
5p 114 39 1 43 42
5p 115 50 2 57 55
5p 116 47 2 28 26
5p 117 39 1 29 28
5p 118 47 1 33 32
5p 119 52 6 34 28
5p 120 57 1 52 51
5p 121 46 3 36 33
5p 122 56 1 33 32
5p 123 50 1 31 30
5p 124 40 1 26 25
5p 125 43 7 30 23
5p 126 55 1 31 30
5p 127 40 1 34 33
5p 128 46 3 34 31
5p 129 33 6 34 28
5p 130 45 3 35 32
5p 131 27 3 33 30
5p 132 33 1 31 30
5p 133 36 4 43 39
5p 134 33 1 35 34
5p 135 38 1 43 42
5p 136 39 4 37 33
5p 137 32 2 37 35
5p 138 41 1 34 33
5p 139 30 1 37 36
5p 140 36 1 43 42
5p 141 42 1 70 69
5p 142 37 7 34 27
5p 143 28 1 35 34
5p 144 28 6 33 27
5p 145 31 1 34 33
5p 146 25 2 68 66
5p 147 25 3 41 38
5p 148 26 1 73 72
5p 149 21 11 43 32
5p 150 34 5 49 44
5p 151 62 3 68 65
5p 152 32 5 42 37
5p 153 28 3 60 57
5p 154 20 2 47 45
5p 155 23 3 41 38
5p 156 23 1 50 49
5p 157 30 6 41 35
5p 158 24 11 42 31
5p 159 20 8 52 44
5p 160 29 1 73 72
5p 161 17 1 53 52
5p 162 21 7 43 36
5p 163 21 3 57 54
5p 164 23 3 42 39
5p 165 17 11 54 43
5p 166 15 2 61 59
5p 167 22 1 51 50
5p 168 21 9 48 39
5p 169 15 5 47 42
5p 170 20 3 50 47
5p 171 14 2 53 51
5p 172 21 1 52 51
5p 173 23 7 59 52
5p 174 22 4 51 47
5p 175 14 1 45 44
5p 176 18 3 84 81
5p 177 10 1 53 52
5p 178 14 1 54 53
5p 179 13 3 38 35
5p 180 17 1 81 80
5p 181 19 2 66 64
5p 182 14 2 61 59
5p 183 12 4 54 50
5p 184 17 7 72 65
5p 185 6 6 55 49
5p 186 14 4 53 49
5p 187 16 11 54 43
5p 188 13 6 63 57
5p 189 10 2 50 48
5p 190 19 1 67 66
5p 191 21 5 71 66
5p 192 17 2 64 62
5p 193 13 4 54 50
5p 194 12 2 43 41
5p 195 16 1 71 70
5p 196 10 5 67 62
5p 197 18 1 63 62
5p 198 14 1 62 61
5p 199 9 1 51 50
5p 200 21 2 97 95
5p 201 13 7 59 52
5p 202 11 4 71 67
5p 203 10 4 40 36
5p 204 10 1 41 40
5p 205 15 3 71 68
5p 206 12 1 68 67
5p 207 11 11 62 51
5p 208 11 1 40 39
5p 209 8 4 44 40
5p 210 11 2 103 101
5p 211 10 6 56 50
5p 212 12 1 77 76
5p 213 18 4 73 69
5p 214 17 11 76 65
5p 215 9 1 53 52
5p 216 5 6 41 35
5p 217 12 3 69 66
5p 218 14 1 77 76
5p 219 12 1 75 74
5p 220 18 6 106 100
5p 221 17 3 66 63
5p 222 9 2 53 51
5p 223 7 25 105 80
5p 224 2 11 11 0
5p 225 4 2 34 32
5p 226 8 1 59 58
5p 227 7 11 68 57
5p 228 14 11 70 59
5p 229 22 3 88 85
5p 230 11 9 83 74
5p 231 4 2 16 14
5p 232 7 9 65 56
5p 233 9 11 90 79
5p 234 8 6 31 25
5p 235 11 11 77 66
5p 236 4 11 74 63
5p 237 7 11 92 81
5p 238 10 11 95 84
5p 239 12 6 81 75
5p 240 7 3 113 110
5p 241 4 11 73 62
5p 242 4 10 80 70
5p 243 4 10 21 11
5p 244 3 6 31 25
5p 245 4 11 41 30
5p 246 9 18 92 74
5p 247 10 6 85 79
5p 248 2 11 11 0
5p 249 8 17 121 104
5p 250 2 48 108 60
5p 251 5 12 81 69
5p 252 7 6 54 48
5p 253 2 18 21 3
5p 254 3 22 79 57
5p 255 6 5 22 17
5p 256 3 14 87 73
5p 257 8 11 88 77
5p 258 5 11 25 14
5p 259 1 26 26 0
5p 260 2 21 49 28
5p 261 5 11 32 21
5p 262 6 8 97 89
5p 263 2 27 72 45
5p 264 4 4 86 82
5p 265 7 11 87 76
5p 266 11 11 21 10
5p 267 8 8 62 54
5p 268 2 25 52 27
5p 269 3 4 70 66
5p 270 1 18 18 0
5p 271 7 19 71 52
5p 272 3 7 59 52
5p 273 5 11 29 18
5p 274 6 11 95 84
5p 275 3 2 31 29
5p 276 7 11 101 90
5p 277 4 11 72 61
5p 278 3 6 96 90
5p 279 1 11 11 0
5p 280 2 25 31 6
5p 281 2 11 30 19
5p 283 1 15 15 0
5p 284 2 24 42 18
5p 285 2 20 20 0
5p 286 3 11 109 98
5p 287 5 13 99 86
5p 288 3 7 11 4
5p 289 2 21 26 5
5p 290 5 2 52 50
5p 291 2 22 85 63
5p 292 1 45 45 0
5p 293 4 5 97 92
5p 294 1 37 37 0
5p 295 4 5 96 91
5p 296 2 9 93 84
5p 297 3 22 66 44
5p 298 1 67 67 0
5p 299 2 11 15 4
5p 300 3 50 80 30
5p 302 2 10 82 72
5p 303 3 27 48 21
5p 304 3 11 43 32
5p 306 3 11 11 0
5p 307 3 11 11 0
5p 308 2 11 72 61
5p 309 1 67 67 0
5p 310 2 30 89 59
5p 311 3 11 102 91
5p 312 2 11 42 31
5p 315 3 11 72 61
5p 316 1 21 21 0
5p 319 4 11 35 24
5p 320 3 6 34 28
5p 321 4 11 122 111
5p 322 1 21 21 0
5p 324 2 71 97 26
5p 325 2 11 78 67
5p 327 1 30 30 0
5p 328 1 11 11 0
5p 329 1 11 11 0
5p 330 3 21 83 62
5p 332 2 62 62 0
5p 333 3 11 50 39
5p 334 1 12 12 0
5p 335 1 135 135 0
5p 336 1 21 21 0
5p 337 1 50 50 0
5p 338 3 11 38 27
5p 340 1 58 58 0
5p 341 1 11 11 0
5p 342 2 11 115 104
5p 343 3 12 13 1
5p 344 2 11 11 0
5p 345 3 11 65 54
5p 346 1 11 11 0
5p 349 1 80 80 0
5p 350 2 43 70 27
5p 351 4 11 71 60
5p 352 3 11 136 125
5p 353 3 11 71 60
5p 354 1 11 11 0
5p 355 1 137 137 0
5p 356 4 4 35 31
5p 357 1 21 21 0
5p 358 3 11 21 10
5p 359 4 21 52 31
5p 360 3 21 21 0
5p 362 1 10 10 0
5p 363 1 30 30 0
5p 365 1 11 11 0
5p 366 1 139 139 0
5p 367 1 11 11 0
5p 369 1 15 15 0
5p 371 1 104 104 0
5p 372 2 11 123 112
5p 373 1 61 61 0
5p 375 1 11 11 0
5p 377 1 18 18 0
5p 379 3 11 144 133
5p 381 2 11 16 5
5p 382 1 3 3 0
5p 383 1 21 21 0
5p 389 2 15 35 20
5p 393 1 18 18 0
5p 396 1 11 11 0
5p 398 1 50 50 0
5p 400 2 50 101 51
5p 402 1 132 132 0
5p 403 1 64 64 0
5p 404 1 66 66 0
5p 406 2 11 11 0
5p 407 1 11 11 0
5p 408 1 105 105 0
5p 409 1 22 22 0
5p 410 1 4 4 0
5p 411 1 113 113 0
5p 412 3 2 11 9
5p 414 1 191 191 0
5p 415 2 21 21 0
5p 417 1 29 29 0
5p 418 2 12 171 159
5p 420 1 107 107 0
5p 423 1 13 13 0
5p 424 1 11 11 0
5p 426 2 77 153 76
5p 430 3 11 172 161
5p 431 2 78 172 94
5p 434 1 65 65 0
5p 435 1 113 113 0
5p 437 1 116 116 0
5p 438 1 18 18 0
5p 441 1 11 11 0
5p 442 1 39 39 0
5p 443 1 113 113 0
5p 445 1 45 45 0
5p 446 1 76 76 0
5p 448 2 15 108 93
5p 449 1 11 11 0
5p 450 1 18 18 0
5p 451 2 73 170 97
5p 453 1 26 26 0
5p 455 2 51 71 20
5p 460 1 21 21 0
5p 464 1 12 12 0
5p 465 2 22 36 14
5p 469 1 11 11 0
5p 470 1 37 37 0
5p 471 3 36 167 131
5p 472 1 107 107 0
5p 473 1 34 34 0
5p 480 1 20 20 0
5p 487 2 137 150 13
5p 494 1 67 67 0
5p 495 2 83 191 108
5p 499 1 71 71 0
5p 500 1 151 151 0
5p 505 1 12 12 0
5p 513 1 98 98 0
5p 517 1 14 14 0
5p 518 1 11 11 0
5p 519 1 40 40 0
5p 520 1 23 23 0
5p 526 1 36 36 0
5p 532 1 176 176 0
5p 545 1 203 203 0
5p 548 4 15 84 69
5p 555 1 16 16 0
5p 567 1 12 12 0
5p 586 1 50 50 0
5p 592 1 11 11 0
5p 598 2 80 101 21
5p 615 1 8 8 0
5p 632 2 22 22 0
5p 634 1 22 22 0
5p 654 1 17 17 0
5p 688 1 153 153 0
5p 689 1 35 35 0
5p 750 1 89 89 0
5p 805 1 324 324 0
5p 820 2 263 270 7
5p 910 1 112 112 0
5p 921 1 48 48 0
5p 938 1 63 63 0
5p 1411 1 572 572 0
5p 1545 1 67 67 0
5p 2354 1 716 716 0
3p 43 1 23 23 0
3p 48 8 27 28 1
3p 49 1 29 29 0
3p 50 3 27 29 2
3p 51 3 28 31 3
3p 52 9 29 33 4
3p 53 1 33 33 0
3p 54 8 29 34 5
3p 55 11 32 36 4
3p 56 2 32 33 1
3p 57 5 34 38 4
3p 58 3 29 35 6
3p 59 9 34 39 5
3p 60 4 31 41 10
3p 62 3 36 41 5
3p 63 8 36 43 7
3p 64 11 44 44 0
3p 65 8 36 46 10
3p 66 11 35 48 13
3p 67 7 37 46 9
3p 68 13 36 49 13
3p 69 13 41 49 8
3p 70 10 39 51 12
3p 71 14 39 51 12
3p 72 17 42 53 11
3p 73 15 40 55 15
3p 74 8 43 55 12
3p 75 18 40 56 16
3p 76 19 45 56 11
3p 77 15 45 59 14
3p 78 23 41 58 17
3p 79 28 43 61 18
3p 80 17 42 60 18
3p 81 34 44 61 17
3p 82 24 42 63 21
3p 83 26 44 63 19
3p 84 27 50 66 16
3p 85 40 49 68 19
3p 86 55 49 66 17
3p 87 40 54 67 13
3p 88 50 50 70 20
3p 89 48 54 69 15
3p 90 44 55 70 15
3p 91 36 56 71 15
3p 92 54 57 72 15
3p 93 53 52 73 21
3p 94 40 54 76 22
3p 95 48 53 75 22
3p 96 50 56 76 20
3p 97 48 59 77 18
3p 98 45 51 78 27
3p 99 42 61 80 19
3p 100 62 61 80 19
3p 101 58 54 81 27
3p 102 59 53 82 29
3p 103 62 58 83 25
3p 104 67 61 86 25
3p 105 64 60 85 25
3p 106 47 64 87 23
3p 107 52 62 87 25
3p 108 45 68 88 20
3p 109 46 55 89 34
3p 110 72 60 92 32
3p 111 39 70 87 17
3p 112 38 59 95 36
3p 113 38 61 93 32
3p 114 33 65 94 29
3p 115 59 63 94 31
3p 116 47 63 96 33
3p 117 49 71 97 26
3p 118 32 64 98 34
3p 119 53 69 99 30
3p 120 45 62 103 41
3p 121 39 68 99 31
3p 122 53 73 102 29
3p 123 48 66 104 38
3p 124 45 70 104 34
3p 125 41 73 105 32
3p 126 48 75 108 33
3p 127 32 72 107 35
3p 128 43 77 107 30
3p 129 32 71 105 34
3p 130 47 77 110 33
3p 131 37 81 112 31
3p 132 41 82 109 27
3p 133 37 73 111 38
3p 134 40 84 113 29
3p 135 34 80 115 35
3p 136 34 79 116 37
3p 137 30 85 111 26
3p 138 37 83 117 34
3p 139 21 80 110 30
3p 140 30 81 119 38
3p 141 37 86 118 32
3p 142 35 86 119 33
3p 143 36 82 122 40
3p 144 26 81 121 40
3p 145 34 83 127 44
3p 146 25 88 127 39
3p 147 25 90 125 35
3p 148 21 89 128 39
3p 149 22 99 124 25
3p 150 30 90 126 36
3p 151 37 76 133 57
3p 152 27 93 133 40
3p 153 34 86 133 47
3p 154 19 95 130 35
3p 155 26 98 130 32
3p 156 19 91 129 38
3p 157 21 90 133 43
3p 158 16 88 128 40
3p 159 18 83 134 51
3p 160 27 98 140 42
3p 161 20 97 141 44
3p 162 17 111 141 30
3p 163 24 92 142 50
3p 164 23 101 144 43
3p 165 13 108 139 31
3p 166 13 84 146 62
3p 167 20 99 143 44
3p 168 27 99 149 50
3p 169 15 109 150 41
3p 170 22 108 150 42
3p 171 22 94 151 57
3p 172 20 111 152 41
3p 173 21 99 154 55
3p 174 27 107 155 48
3p 175 17 111 155 44
3p 176 25 110 156 46
3p 177 26 102 158 56
3p 178 16 99 157 58
3p 179 13 117 158 41
3p 180 15 99 159 60
3p 181 28 102 161 59
3p 182 18 107 161 54
3p 183 12 106 161 55
3p 184 18 93 163 70
3p 185 13 114 164 50
3p 186 18 113 164 51
3p 187 21 105 165 60
3p 188 20 112 166 54
3p 189 20 113 166 53
3p 190 16 106 168 62
3p 191 15 116 162 46
3p 192 17 111 171 60
3p 193 19 114 173 59
3p 194 10 120 165 45
3p 195 15 123 175 52
3p 196 7 130 168 38
3p 197 14 120 177 57
3p 198 14 120 175 55
3p 199 12 128 179 51
3p 200 18 107 179 72
3p 201 13 142 173 31
3p 202 23 123 181 58
3p 203 5 140 179 39
3p 204 8 154 181 27
3p 205 31 110 184 74
3p 206 10 119 186 67
3p 207 14 121 180 59
3p 208 11 137 186 49
3p 209 11 140 188 48
3p 210 7 153 185 32
3p 211 6 117 186 69
3p 212 6 117 193 76
3p 213 11 133 189 56
3p 214 10 119 192 73
3p 215 10 132 194 62
3p 216 7 126 186 60
3p 217 10 155 194 39
3p 218 11 120 195 75
3p 219 10 123 198 75
3p 220 12 132 197 65
3p 221 7 151 185 34
3p 222 13 148 199 51
3p 223 9 131 197 66
3p 224 5 185 198 13
3p 225 7 132 201 69
3p 226 12 148 205 57
3p 227 8 134 194 60
3p 228 10 136 208 72
3p 229 6 131 199 68
3p 230 11 152 207 55
3p 231 3 170 199 29
3p 232 5 181 203 22
3p 233 7 127 187 60
3p 234 10 175 204 29
3p 235 7 189 207 18
3p 236 9 125 211 86
3p 237 10 151 211 60
3p 238 8 166 212 46
3p 239 3 163 199 36
3p 240 8 155 217 62
3p 241 3 195 212 17
3p 242 8 145 201 56
3p 243 3 146 213 67
3p 244 4 177 216 39
3p 245 5 195 215 20
3p 246 8 140 220 80
3p 247 9 166 217 51
3p 248 5 146 226 80
3p 249 9 151 213 62
3p 250 6 165 222 57
3p 251 4 211 221 10
3p 252 7 145 231 86
3p 253 3 214 223 9
3p 254 10 150 224 74
3p 255 5 216 230 14
3p 256 8 147 227 80
3p 257 5 185 227 42
3p 258 9 215 221 6
3p 259 2 213 222 9
3p 260 1 190 190 0
3p 261 7 210 237 27
3p 262 2 150 231 81
3p 263 2 212 216 4
3p 264 2 155 225 70
3p 265 8 160 235 75
3p 266 2 227 231 4
3p 267 4 196 241 45
3p 268 1 175 175 0
3p 269 5 157 236 79
3p 270 3 201 237 36
3p 271 5 192 235 43
3p 272 5 190 242 52
3p 273 2 242 245 3
3p 274 1 236 236 0
3p 275 1 245 245 0
3p 276 3 229 246 17
3p 277 7 143 252 109
3p 279 5 234 254 20
3p 280 1 247 247 0
3p 281 4 233 249 16
3p 283 3 178 244 66
3p 284 3 186 254 68
3p 285 1 255 255 0
3p 286 3 247 256 9
3p 287 3 249 268 19
3p 288 1 262 262 0
3p 289 1 256 256 0
3p 290 4 188 257 69
3p 291 4 189 259 70
3p 292 3 209 262 53
3p 293 3 182 235 53
3p 294 3 244 259 15
3p 295 2 229 240 11
3p 296 1 265 265 0
3p 297 7 194 251 57
3p 298 2 169 213 44
3p 299 2 211 219 8
3p 300 6 164 277 113
3p 301 2 251 269 18
3p 302 2 203 269 66
3p 303 3 239 275 36
3p 304 3 194 269 75
3p 306 2 275 277 2
3p 307 2 177 229 52
3p 308 1 277 277 0
3p 309 1 256 256 0
3p 311 2 278 278 0
3p 314 1 195 195 0
3p 315 2 285 292 7
3p 316 1 289 289 0
3p 319 2 269 285 16
3p 320 4 217 292 75
3p 321 5 201 277 76
3p 322 1 292 292 0
3p 323 1 290 290 0
3p 324 5 194 294 100
3p 325 3 208 255 47
3p 327 1 281 281 0
3p 330 1 301 301 0
3p 331 3 294 303 9
3p 332 1 299 299 0
3p 333 2 266 300 34
3p 334 1 301 301 0
3p 335 1 305 305 0
3p 336 2 296 306 10
3p 337 3 263 307 44
3p 338 2 293 298 5
3p 340 1 301 301 0
3p 341 1 313 313 0
3p 342 1 264 264 0
3p 343 3 313 322 9
3p 345 1 300 300 0
3p 346 1 301 301 0
3p 349 3 220 320 100
3p 350 2 288 317 29
3p 351 2 319 319 0
3p 352 3 216 319 103
3p 353 1 319 319 0
3p 354 1 293 293 0
3p 355 1 302 302 0
3p 356 1 331 331 0
3p 357 2 247 270 23
3p 358 2 325 325 0
3p 359 1 288 288 0
3p 360 3 304 331 27
3p 361 2 292 328 36
3p 365 2 255 255 0
3p 366 4 210 339 129
3p 367 1 334 334 0
3p 368 2 276 328 52
3p 369 1 336 336 0
3p 372 2 240 341 101
3p 373 2 296 340 44
3p 374 4 341 344 3
3p 375 1 287 287 0
3p 376 2 343 344 1
3p 377 2 337 344 7
3p 378 2 345 348 3
3p 379 2 204 330 126
3p 380 4 348 351 3
3p 382 1 356 356 0
3p 383 1 350 350 0
3p 384 1 356 356 0
3p 389 2 339 356 17
3p 392 1 362 362 0
3p 393 1 364 364 0
3p 395 1 365 365 0
3p 397 1 364 364 0
3p 398 4 295 337 42
3p 400 3 273 367 94
3p 402 1 332 332 0
3p 403 1 330 330 0
3p 406 1 333 333 0
3p 409 1 367 367 0
3p 411 2 334 344 10
3p 418 1 384 384 0
3p 420 1 354 354 0
3p 421 1 251 251 0
3p 423 3 254 392 138
3p 424 1 390 390 0
3p 425 1 387 387 0
3p 426 1 332 332 0
3p 428 1 395 395 0
3p 429 1 393 393 0
3p 430 1 395 395 0
3p 431 3 249 334 85
3p 434 1 317 317 0
3p 435 2 271 405 134
3p 436 1 401 401 0
3p 437 3 332 373 41
3p 440 1 407 407 0
3p 441 2 251 251 0
3p 442 4 268 412 144
3p 443 1 396 396 0
3p 450 1 417 417 0
3p 451 1 364 364 0
3p 453 1 420 420 0
3p 455 2 362 383 21
3p 456 1 423 423 0
3p 461 1 251 251 0
3p 462 1 429 429 0
3p 463 1 430 430 0
3p 464 2 431 439 8
3p 465 1 422 422 0
3p 466 2 374 433 59
3p 469 1 281 281 0
3p 471 2 370 439 69
3p 472 2 353 444 91
3p 473 2 413 445 32
3p 479 1 421 421 0
3p 480 1 447 447 0
3p 483 1 322 322 0
3p 487 2 323 331 8
3p 488 1 458 458 0
3p 491 1 433 433 0
3p 493 1 273 273 0
3p 495 2 285 286 1
3p 498 1 389 389 0
3p 499 1 395 395 0
3p 500 1 364 364 0
3p 504 1 442 442 0
3p 505 1 472 472 0
3p 517 1 478 478 0
3p 519 1 452 452 0
3p 521 1 363 363 0
3p 541 1 508 508 0
3p 543 1 304 304 0
3p 548 3 445 514 69
3p 555 1 505 505 0
3p 567 1 534 534 0
3p 598 2 434 455 21
3p 605 1 576 576 0
3p 615 1 586 586 0
3p 654 1 620 620 0
3p 689 1 628 628 0
3p 762 1 521 521 0
3p 820 2 529 540 11
3p 894 1 561 561 0
3p 938 1 857 857 0
3p 1545 1 1386 1386 0
